scene_id	sigma	r	ade	fde	abd	fbd
0	0.23	0.05	0.995720383872322	1.3895194701503992	3.1915828893058156	3.040822630644321
0	0.23	0.05	2.0937192024407087	3.8365720223045416	2.444235772605898	2.5035337909052022
0	0.23	0.05	0.40860383099282	0.1290277120878734	2.708198501533669	2.7355770655736618
1	0.23	0.05	0.7974272152060982	0.9840680323898005	3.001833751142309	2.8213638676031625
1	0.23	0.05	1.29243756607249	2.6310908584422292	3.043521373766846	2.9777145731507337
1	0.23	0.05	0.37907420580404594	0.9039373024295422	2.9550979041184937	2.915124772854902
2	0.23	0.05	0.8744218880794595	0.9651587763191931	3.4218889125218106	3.2223853986111903
2	0.23	0.05	1.2692789584921984	2.4383634861299583	2.6996173433710258	2.6090619174736047
2	0.23	0.05	0.9104564234476067	1.6127971383063873	2.3534700182479975	2.1610222564579207
3	0.23	0.05	0.8632275537152786	0.9108697985357096	3.385159157336465	3.2082191165635585
3	0.23	0.05	1.037284315856587	1.9093808605637246	2.679039803078486	2.5453631031343447
3	0.23	0.05	0.2088811299600993	0.3987492056525351	2.3289499376540226	2.0012855063984474
4	0.23	0.05	0.5440547250640095	0.6242620689616617	2.8834579201587425	2.8333979152347615
4	0.23	0.05	1.4149204159524273	1.805300962374865	2.741345238056426	2.5997495250943716
4	0.23	0.05	0.39792509007091453	0.5039396530631405	3.0748310132215098	2.774498746541301
5	0.23	0.05	0.3479546889609384	0.5285596698846542	2.9168455193792036	2.893786437149125
5	0.23	0.05	0.9069434575482935	1.4619448568553088	2.680213633914443	2.417922348709516
5	0.23	0.05	0.7954025701630623	1.3770089976141509	3.2658454862176987	2.925017147387917
6	0.23	0.05	0.3289767044904995	0.45238499941231947	2.8748545434391395	2.9159180636998854
6	0.23	0.05	0.6087979630929943	0.6771267168953632	2.6772997026611116	2.4022694508415263
6	0.23	0.05	0.5049302912409183	1.0949750569677794	3.3378019513323416	2.976849895754267
7	0.23	0.05	0.44712041122634605	0.7329587983121063	2.6972279384019537	2.680647681687395
7	0.23	0.05	2.455257140817116	2.7180773985941107	2.9777504224209363	2.7609562779779453
7	0.23	0.05	0.40503381774620384	0.9970533237069765	2.819946873664505	2.8078337033135057
8	0.23	0.05	0.5430848542260438	0.8814078126852599	2.5380203519909994	2.443517098961392
8	0.23	0.05	2.4572078478567305	4.4735200846271574	4.035585708998366	3.8007156900608554
8	0.23	0.05	0.3902203793318981	0.8320770976802931	2.466842658019614	2.3292563718402803
9	0.23	0.05	0.46466548700785415	0.8604830741690169	2.6870520811800502	2.5667056458988946
9	0.23	0.05	0.48797491570833684	1.1851387898694183	2.3785894190669774	2.2714877628540378
9	0.23	0.05	0.22752024845173277	0.4844888176349358	2.4278050366963644	2.162993454495842
10	0.23	0.05	0.2514972811181338	0.1766174053221043	3.2333415238944676	3.1974124345537565
10	0.23	0.05	1.368244135295581	2.521984208208519	2.3471645680028947	2.1102988711150945
10	0.23	0.05	0.21881409333071142	0.6141249194094999	3.0397559846852684	2.772021801750521
11	0.23	0.05	0.6750233425878934	1.839262549748459	3.329656299364115	3.169728053200398
11	0.23	0.05	0.7556842388677268	0.7656529187428109	2.279959877543417	2.0550723114441785
11	0.23	0.05	0.5667278207333205	1.284362666145744	3.3067819534801157	2.955661759198063
12	0.23	0.05	1.3923336188354212	2.763743455802033	3.993890814822315	3.918493409305728
12	0.23	0.05	1.379828117870362	2.1045087790392714	2.6685849992929858	2.4101482833485774
12	0.23	0.05	0.4402214313983288	1.0842376866880918	3.0340737450747692	2.682571257194979
13	0.23	0.05	1.2106426912994157	2.3207061112847156	3.7764032501843143	3.586833446699053
13	0.23	0.05	1.297874671316529	2.7341799215742912	2.913952905682439	2.7155773209289062
13	0.23	0.05	0.18793951180175208	0.48665172966794473	3.1366804037095126	2.8302202200939433
14	0.23	0.05	1.9901801150044618	3.026376341525651	3.0246992533526247	2.7480722642147053
14	0.23	0.05	1.015094062093667	2.1444485947748273	2.9126894828358703	2.6655556023510916
14	0.23	0.05	1.3706568315122407	1.907113814723143	3.6870080026761864	3.1638621254188792
15	0.23	0.05	2.1409298491836726	3.3032520114414283	2.883469193216783	2.643202449739281
15	0.23	0.05	1.4822341619263744	1.7480201704841634	2.9738905772278126	2.7627142689791477
15	0.23	0.05	1.516558233291752	2.0667974243920804	3.658020876129957	3.1160716750051187
16	0.23	0.05	1.7222636839882988	2.2929442066682455	3.3828349536344655	3.0622023599195116
16	0.23	0.05	1.0106545454949105	1.2492578168767825	2.261144075792565	2.1181002348112505
16	0.23	0.05	1.5506747110572416	2.584061118616021	2.9508127730599027	3.0192274228396183
17	0.23	0.05	1.5419677192357113	2.479541662339949	3.3756365318841977	3.062023019276827
17	0.23	0.05	1.4435825374133593	1.7641000684501693	2.5918165580934938	2.357276410903739
17	0.23	0.05	1.402676318803028	2.8340875827768213	2.8900678170512615	2.9723457253718863
18	0.23	0.05	1.0784807515579071	1.6983099524070353	3.800486592002595	3.5427233425012807
18	0.23	0.05	1.2042738233435435	1.5006017180651965	2.7061074500041853	2.557675238850225
18	0.23	0.05	1.763965820481291	3.553346800704015	2.5072507027450297	2.5628616913370297
19	0.23	0.05	0.813586403877586	1.1042196770848958	4.304421312901523	3.99741290470253
19	0.23	0.05	0.538290835069918	1.056229973469686	2.464237616617629	2.2627743882282365
19	0.23	0.05	2.491155508941359	4.517133667125987	3.267289719276287	3.3476895753719877
20	0.23	0.05	0.7968960250766983	1.072843967336305	3.3538345654544317	3.103487839679129
20	0.23	0.05	0.6371024041107024	0.8684659732140816	2.5008501042251314	2.308171052938816
20	0.23	0.05	3.2640832275388814	5.231695737056043	3.014938145200965	3.0266491399415045
21	0.23	0.05	1.2496934969044087	1.6547136893827006	3.6701701775014124	3.3254411401828627
21	0.23	0.05	0.6679688143140589	1.3416712735238954	2.7082441773142296	2.4500848656234475
21	0.23	0.05	3.272030252075469	5.169928448232033	2.952432475658544	2.9410741775960454
22	0.23	0.05	1.075187933532121	1.5770098584410166	3.927841157054744	3.563950224856865
22	0.23	0.05	1.66499999611714	2.8961835117598445	2.6037104458281397	2.387156558192103
22	0.23	0.05	2.6993924953183566	5.279408904534447	2.5971042772828024	2.579745141052242
23	0.23	0.05	1.7850449247454538	3.0909894233370725	4.271702167400272	3.8087262443255208
23	0.23	0.05	1.252695880237127	2.1265121503231033	3.3202229340647693	3.086844717226963
23	0.23	0.05	0.8523654060912919	0.8415532153983792	2.576778924585896	2.621517978374636
24	0.23	0.05	0.8749212356196049	2.2795041358108734	3.5760546491763554	3.4119835178177937
24	0.23	0.05	1.5977371302087404	1.8587867674987701	2.856159191931465	2.5010597186869905
24	0.23	0.05	0.9230636953961384	0.9705280290169216	2.3339081931453936	2.317384352279093
25	0.23	0.05	1.5379762516027042	3.3517465773017787	3.5372315579490303	3.3960637707080705
25	0.23	0.05	1.5001077374389766	1.792285358748687	2.9058107977619305	2.471533446204883
25	0.23	0.05	1.1791545139740272	1.2001230795692757	2.4348260260569283	2.384630182308065
26	0.23	0.05	2.935141706066751	6.041636492902139	3.4619200327928925	3.1304294532582624
26	0.23	0.05	1.1564210544100115	1.4793448095960906	3.1601555356986255	2.7030710156423936
26	0.23	0.05	1.3450318975087756	1.38462946273436	2.753261867987001	2.776002250594154
27	0.23	0.05	1.8057400772557282	3.988883971143181	3.2669236163929134	2.9343824224637616
27	0.23	0.05	2.3342407151782463	3.5536500674198606	3.3115638609333238	3.0517097310917385
27	0.23	0.05	1.0600623116191739	1.191743261756087	3.373120245289654	3.3804296027326206
28	0.23	0.05	1.8477923805777248	4.117453701066455	2.6574910310358226	2.464782501129805
28	0.23	0.05	2.2870635844698834	3.1812837041045796	3.168059098226007	2.9027976059631997
28	0.23	0.05	1.1739364769294327	1.4151716088059598	2.9420649687923905	2.9383246689568825
29	0.23	0.05	1.9814939294325764	3.8161280198221577	3.088063761106898	2.8566372258442616
29	0.23	0.05	1.6146181413959824	2.3220398718862914	3.3508414723368536	3.312451218174836
29	0.23	0.05	1.5351868250151786	2.1102977833602194	3.08146376880728	3.015716574577152
30	0.23	0.05	1.0644590936006222	1.7419816134151371	2.8447548129415736	2.6327234471097576
30	0.23	0.05	1.1403350978523883	2.1498406031874073	2.378564134098754	2.2133655709772837
30	0.23	0.05	1.315709903166285	1.5648572399282688	2.553510440175137	2.6137454840900505
31	0.23	0.05	1.2083265739715563	2.117970935392343	2.9285006185711415	2.8215142441402565
31	0.23	0.05	0.30463583927092003	0.6181840251203213	2.4253672183207455	2.3157232840833246
31	0.23	0.05	1.1266441640007645	1.3088988498770466	2.5327663851157607	2.531092020451706
32	0.23	0.05	1.9071454708267508	3.869719276726369	2.396479262750072	2.1308288440325875
32	0.23	0.05	0.7010785049302529	1.055313495368312	2.508973677288592	2.3133204176601896
32	0.23	0.05	1.2650903375220768	1.3367310561046453	2.5481591121796456	2.543322096824878
33	0.23	0.05	0.981707918625676	1.1451549983453304	4.072905604511952	3.918127859007304
33	0.23	0.05	0.2593087400953658	0.1597518275965764	2.358420900605388	2.3372394256934856
33	0.23	0.05	0.8984795969641849	0.5634260528839268	2.479798388870679	2.456748041525922
34	0.23	0.05	0.7310237114545403	0.6414144844514726	3.56412322933153	3.3829107036558286
34	0.23	0.05	0.4357091085305243	0.5477475318475887	2.670433974685637	2.6432677819361086
34	0.23	0.05	0.6613780412280316	0.3567739248980863	2.84906341876305	2.84338088872115
35	0.23	0.05	0.7766425716369625	1.0865154015956167	3.0100523291896413	2.8370868539385343
35	0.23	0.05	0.5141083980967015	0.5501947519405994	2.783708851226536	2.746931732081523
35	0.23	0.05	0.6985551608754147	0.4291888524096996	2.832148090636158	2.826842285831397
36	0.23	0.05	0.29077781097774164	0.5067322945597758	3.307113150350658	3.0703125686240886
36	0.23	0.05	0.7184767888237077	1.1569846675584508	2.9552698055055058	2.927254888754528
36	0.23	0.05	0.802230820084311	0.7857353570497833	2.7385396580005628	2.6520066187236058
37	0.23	0.05	0.25468016684770595	0.19350265676879447	2.6123128228335477	2.563469124852248
37	0.23	0.05	0.9647818683111598	1.448944222693601	2.167021022319622	1.9485324957773433
37	0.23	0.05	1.5025688013781477	2.4334619410630487	2.436544283800131	2.293351135387265
38	0.23	0.05	0.26880645852254464	0.14210509381550077	2.761408557118168	2.7052382966039104
38	0.23	0.05	0.9050654788473906	1.3679620085854725	2.2502976326537856	2.115840545806628
38	0.23	0.05	1.9263840291607697	2.8985641779711395	2.834568657590587	2.8085939926837544
39	0.23	0.05	0.23124322718496193	0.3019355571030626	2.6850298676347744	2.6286232719753775
39	0.23	0.05	0.443337520689119	0.5221897872168612	2.9845693542544662	2.8488045537326707
39	0.23	0.05	1.6466456860332181	2.317529671717685	2.6043104659014213	2.5523515828679697
40	0.23	0.05	0.2782211918631113	0.540433581511185	2.555963652933523	2.472074226299207
40	0.23	0.05	0.5399263326996074	0.5267520351455605	2.466223620356388	2.4417324699055354
40	0.23	0.05	1.491299465740297	1.9123561953595787	2.4277379102156744	2.3658261952279873
41	0.23	0.05	0.3906322240446654	0.8417823009376214	2.7598361973855057	2.7017286186757152
41	0.23	0.05	0.7265494754970838	0.830363909439616	2.754502903702385	2.7772102315508005
41	0.23	0.05	1.5521412049156085	1.8652997779862601	2.749454934644729	2.6443572340657724
42	0.23	0.05	0.2239017872286793	0.43536649502551966	2.4420993345608273	2.3449552165659995
42	0.23	0.05	0.23372699793865603	0.39500423445527205	2.5607159738626115	2.470174698646184
42	0.23	0.05	1.0319458906900085	1.0365858204939997	2.7301857781795347	2.538821504200152
43	0.23	0.05	0.24908883047908983	0.3422134543613613	2.369417478358086	2.297699437928899
43	0.23	0.05	0.5187059363016068	0.2983712939112059	3.104357447223708	3.074345761976808
43	0.23	0.05	0.21738135803524072	0.2950316056757596	2.988271698538918	2.7490779514626524
44	0.23	0.05	0.24984668473421187	0.4928145270909104	2.395991670309335	2.3333614726413785
44	0.23	0.05	0.2700938269488438	0.2890014762282094	2.449990617238864	2.3364348048231958
44	0.23	0.05	0.8786038194185575	1.0977338003489174	3.268357940758108	2.9708615154808866
45	0.23	0.05	0.1797426248548517	0.08926699346373666	2.542884028102242	2.480817153980959
45	0.23	0.05	1.0068804951069084	1.5047441029759299	2.7440188172177846	2.534496782006087
45	0.23	0.05	1.2737668559277378	1.823205666195223	3.5188420367253785	3.1997486238049326
46	0.23	0.05	0.41665726248145635	0.3453445568433039	2.520270435134144	2.4177776784659324
46	0.23	0.05	0.4455866462119142	0.712450320419432	2.384312307107786	2.3298774303613863
46	0.23	0.05	1.1970482415075148	1.2591334325239438	2.0430559728498787	1.8700275406696572
47	0.23	0.05	0.2421385241063411	0.5287304763191384	2.475649895770991	2.378300788165689
47	0.23	0.05	0.2606274692386002	0.3882198417684867	2.6010202717326307	2.5469709686672157
47	0.23	0.05	1.1445638055570186	0.9534689156705646	2.213480540355043	2.1699759139100547
48	0.23	0.05	0.278141165615401	0.6492670338099784	2.6449138495378617	2.586744101819639
48	0.23	0.05	0.4711192519328307	0.5551502414859113	2.877573725995538	2.7564281054218833
48	0.23	0.05	0.7753653127230898	0.41812641677948303	2.2330295710076515	2.1877107213047133
49	0.23	0.05	0.27873934178710513	0.5606079037587686	2.319984088875514	2.213458626597656
49	0.23	0.05	0.8843486431349455	1.3736802477106322	2.7468241122005423	2.524885097770005
49	0.23	0.05	0.804203818302459	0.6265125035633935	2.3146608773354997	2.241182245986051
50	0.23	0.05	0.16774950144869447	0.19104602148988256	2.726273292648604	2.625463682303877
50	0.23	0.05	0.45850215009272294	0.26742398599153916	2.4502664229153135	2.3228184882889993
50	0.23	0.05	0.9705991960549456	0.9023406792668291	2.5654118029610333	2.4534034355392804
51	0.23	0.05	0.266913214988379	0.5061359749136959	2.6678219003383883	2.631896463457452
51	0.23	0.05	0.7351497408197128	1.1745661282442454	2.3291697222508687	2.1832875125918636
51	0.23	0.05	1.0102065893544556	1.0635929133531385	2.76446692396919	2.5669252463782364
52	0.23	0.05	0.37277876958567496	0.6889315216255903	2.5701321801759276	2.4840634112395312
52	0.23	0.05	0.3558937166193379	0.48172630307356207	2.8185940662247835	2.7566264391621225
52	0.23	0.05	1.2406585829107326	1.7071942342774524	3.0485297157968185	2.8343762187259514
53	0.23	0.05	0.35066247457646577	0.3651456741614509	2.7193922265165615	2.658225546052315
53	0.23	0.05	0.7870453226783832	0.8200261332140736	2.421146167121931	2.251635198855432
53	0.23	0.05	1.6074240895100436	1.803010316446162	2.231021324631643	2.1881879990972104
54	0.23	0.05	0.8745787421213963	1.7931773153847972	2.736043942263428	2.613118838549964
54	0.23	0.05	0.22980883050492706	0.2084188887885314	2.057868247641005	1.9191555726359708
54	0.23	0.05	1.3023664962222763	1.395025571850598	2.4588584649448486	2.3840605192260007
55	0.23	0.05	0.926165654893799	1.710714043975435	2.830594589462432	2.7369334704022585
55	0.23	0.05	0.638445546762125	0.9739872707278551	2.265686546880388	2.1462997076940797
55	0.23	0.05	0.8609584410500023	1.1142067403471032	2.458872958638642	2.345263113428059
56	0.23	0.05	0.6692982591851108	1.1488320243855863	2.7665255185516786	2.709392910984183
56	0.23	0.05	0.19467282994803026	0.1799389826341628	2.4041363365282864	2.204497388021493
56	0.23	0.05	0.9800788761223087	1.0443996121454906	2.613196754051505	2.4873582877688856
57	0.23	0.05	0.35543103143013116	0.49409890046309113	3.19981133499145	3.1641137400658317
57	0.23	0.05	0.2867952049858901	0.659500582617784	2.7919456138400855	2.649307644119674
57	0.23	0.05	0.9120968186610048	0.67809397578924	2.5931136621668354	2.3458118500897145
58	0.23	0.05	0.44454605932501196	0.2967519403037801	2.9134742143403827	2.857264308427645
58	0.23	0.05	0.7314762360161993	0.9505371568802016	2.260613267627446	2.1164414174246873
58	0.23	0.05	0.7555952630524406	0.576487572695693	3.013890296024482	2.722512127984286
59	0.23	0.05	0.7099578899498402	0.6084123696807039	2.855616727648257	2.821201208877055
59	0.23	0.05	1.5273353583917535	2.172760275446103	2.62247538419669	2.434604546739352
59	0.23	0.05	1.2766420362712845	1.40745327457567	2.5378330594853193	2.4833291749572646
60	0.23	0.05	0.595581932220959	0.39781111201197145	3.628781396157621	3.3208778962452947
60	0.23	0.05	0.9219985476941401	1.8451236514729663	2.4725637765475446	2.304684104356339
60	0.23	0.05	0.923541780057899	0.7533388959804923	2.520883242081843	2.4694034149158064
61	0.23	0.05	1.2143461339776935	1.9035500874236975	3.2699341733561473	3.163533822936873
61	0.23	0.05	0.916580969469274	1.119919537568516	3.2145064009286943	3.0733161200265657
61	0.23	0.05	0.7684530647496207	0.35200323300536246	2.4313077162812693	2.3371072693827597
62	0.23	0.05	1.1508757045128652	1.8112184998126932	2.9544511176915074	2.8814103537747013
62	0.23	0.05	0.4452149609504754	0.6045958707419514	2.289120749584131	2.109509459623916
62	0.23	0.05	1.2061072973232931	0.9897468958219806	2.6485908706823493	2.507793301429808
63	0.23	0.05	1.6055286822827854	2.606812168842519	3.5975640872585566	3.4745536738266107
63	0.23	0.05	0.5733274849411186	0.5796039919044694	2.4723914051374245	2.209308022148844
63	0.23	0.05	1.1167135354443054	1.0921224827768523	2.7235615571406635	2.500362396584755
64	0.23	0.05	1.4250426632391473	2.1429822592150622	3.610455593531509	3.55390816927359
64	0.23	0.05	0.3017107895077308	0.7122465922518774	2.684306778101647	2.4566724901625583
64	0.23	0.05	0.4884520085028033	0.6467731667024107	3.3570907640545267	3.1544243692696896
65	0.23	0.05	1.4916511361668252	2.379039920633603	3.802962975888157	3.7046911642555957
65	0.23	0.05	0.9656457682880341	1.7792269834189198	2.820208380345804	2.5944897267992677
65	0.23	0.05	0.5783283766550144	1.0617284951122452	3.879218874213766	3.669266334112936
66	0.23	0.05	1.1280938696408602	1.7985247223481444	3.176609838363112	3.0701924001033065
66	0.23	0.05	1.8989306869419427	2.757433070732704	2.9888933943948075	2.6463975349220235
66	0.23	0.05	0.8262938783362479	1.3838111379779443	4.298066266015866	4.030453173761464
67	0.23	0.05	0.748697715509277	1.2377258081522213	3.052815244429125	2.938922132175384
67	0.23	0.05	1.2832032012615728	1.6229879601998085	2.493220223636144	2.2891620843913447
67	0.23	0.05	0.6212556611913348	1.1565634425062272	4.233079114222426	3.97340587293378
68	0.23	0.05	1.2008730624363224	2.017077027093962	2.5398437414504906	2.2836317282545893
68	0.23	0.05	1.1500977989643875	1.4656603325277298	2.4529249488219365	2.281580876002203
68	0.23	0.05	0.7858483970950928	1.0520455523540626	4.007196243853768	3.757725181123324
69	0.23	0.05	1.0526417200548195	1.6572552732307464	2.4362368245240305	2.184266509863318
69	0.23	0.05	0.8255877905370917	1.0489226476619615	2.756038310759854	2.477204339736108
69	0.23	0.05	0.4685117916225818	0.6875202532709811	4.074367150531541	3.819188923547667
70	0.23	0.05	0.8976921618677333	1.4630757830582146	2.375195445522262	2.161351543763965
70	0.23	0.05	0.4559666523189821	0.2566817448232855	3.0908593300101495	3.0747082373052126
70	0.23	0.05	0.2019495475548693	0.21016993679820054	3.5402143498397827	3.3007138501304696
71	0.23	0.05	0.8608818682971631	1.459465311653734	2.496950569979697	2.2832859562379375
71	0.23	0.05	0.2781264147609855	0.2786476240865873	3.135045432567937	3.0991436514246313
71	0.23	0.05	0.40563207880859314	0.5291349407340716	3.3120328667749415	3.067472778365746
72	0.23	0.05	0.7941459106012007	1.774706556234577	2.5413864801846597	2.347324925545285
72	0.23	0.05	1.0781446012832465	2.323817037691255	3.1415564171271506	3.058241947306558
72	0.23	0.05	0.46165512178310025	0.5614242218116501	3.557467734222322	3.286610083944856
73	0.23	0.05	0.9614491567855471	2.184628506886309	2.803167514875651	2.629402091203809
73	0.23	0.05	0.663473986242915	0.7191481366373034	2.6377478577360907	2.519727123313757
73	0.23	0.05	0.46669430642161075	0.6577518393095405	3.9878697283631372	3.679790036343859
74	0.23	0.05	0.8765528606530585	1.8550957228534999	3.47551120139028	3.3561315758443766
74	0.23	0.05	0.745669376333337	1.4439726195008444	3.0297592480986815	2.9188471499487854
74	0.23	0.05	0.5514008176532547	0.6084051773556143	3.415922815849487	3.118378206188459
75	0.23	0.05	0.5572463003635221	0.8571680286577339	3.797201630610194	3.718848886438701
75	0.23	0.05	1.2912174798411395	2.7051720104121966	3.1561573917388497	3.033431906799451
75	0.23	0.05	0.382584044930893	0.7890214793193998	3.1967641603126977	2.9670861943573574
76	0.23	0.05	0.5997385763793489	0.3350553395376437	2.600941492786187	2.4750863012071607
76	0.23	0.05	0.7717306647010038	0.7810579746952531	3.267408420451494	2.9230632250433763
76	0.23	0.05	0.4701876631980531	1.7128209585490601	3.551424758857419	3.30032914807582
77	0.23	0.05	0.3751450981317257	0.4973492454591237	2.358993491898013	2.1725355800597224
77	0.23	0.05	0.5263957266005312	0.40205248679409944	3.177804910928838	2.9041849385664333
77	0.23	0.05	1.285051871536729	3.5547825033680156	2.919840949000241	2.6686503267064645
78	0.23	0.05	0.8350770219021695	0.7784925737290828	2.605906137902383	2.3822544678483166
78	0.23	0.05	1.5088501800729242	2.0101505271497886	3.501840848600397	2.9889304687221077
78	0.23	0.05	0.7220828807868779	1.0791290836755998	3.517007959062772	3.2612699235581473
79	0.23	0.05	0.6794952044344873	0.19991242116649052	2.661943379986209	2.4227195133659913
79	0.23	0.05	1.3332654320991713	1.660417797805958	3.1524906101728156	2.719597321301922
79	0.23	0.05	0.3878414508843843	0.619010072405295	3.519920367209954	3.2760048773603843
80	0.23	0.05	0.7595199911905492	0.6730026228741534	3.039357525740916	2.790030346097285
80	0.23	0.05	2.0333218505431336	2.625117052752745	3.1614829506698636	2.6560270078236003
80	0.23	0.05	0.18753187147926711	0.2703583413031495	3.1982224578595475	2.959705425901909
81	0.23	0.05	1.9253587740448754	3.175684511947399	3.4330693935580543	3.4688717535469635
81	0.23	0.05	1.38836935925728	1.4263754223076637	3.321211862671916	2.8305866678280553
81	0.23	0.05	0.6153257500396294	0.9578529287587405	3.5305654322939635	3.2520542324271418
82	0.23	0.05	1.8342866958508715	3.29808334754167	3.207687885712839	2.8841861997003666
82	0.23	0.05	0.7402359845062625	0.9482278570287507	2.6138341573802424	2.5748928433052813
