scene_id	sigma	col	noise_norm	ade	fde
0	0.012	0	0.008591514080762863	0.1328391240230864	0.5112975680029649
1	0.012	0	0.010356489568948746	0.15073671209105943	0.6197042548123549
2	0.012	0	0.013780862092971802	0.20793266735902394	0.7873978993978443
3	0.012	0	0.01290377601981163	0.3285305923343424	1.2049455542550302
3	0.012	0	0.009669394232332706	0.10278057282123416	0.26981970529730315
4	0.012	0	0.009857392869889736	0.6287434600584619	1.5595367820266366
4	0.012	0	0.006178662646561861	0.11155535413406754	0.2822749292303428
5	0.012	0	0.011424272321164608	0.2357435444279585	0.8548344392052604
5	0.012	0	0.009924235753715038	0.28023878921169315	0.44206626197108
5	0.012	0	0.00841870903968811	0.2249617076124174	0.8937472683998369
6	0.012	0	0.012010282836854458	0.0923656118959614	0.23814269615878156
6	0.012	0	0.008701261132955551	0.7801281061815243	2.691733026215046
6	0.012	0	0.013336126692593098	0.1834208353268361	0.751320098168429
7	0.012	0	0.011644119396805763	0.6224996150782398	1.6884311398218677
8	0.012	0	0.008346151560544968	0.2208707208288852	0.910317799822803
8	0.012	0	0.012780911289155483	0.7211160488478212	2.2970953229724738
9	0.012	0	0.010868674144148827	0.129544762972352	0.46240683525995313
9	0.012	0	0.005953456275165081	0.25115108079410603	0.7881395132708644
10	0.012	0	0.010710514150559902	0.15257028342324347	0.6081583361928468
10	0.012	0	0.007835827767848969	0.4627318874027259	1.8875395817682121
10	0.012	0	0.009351279586553574	0.2238380134285059	0.8986146995314802
11	0.012	0	0.012438944540917873	0.43081144574475594	1.9504805741916298
11	0.012	0	0.004481001291424036	0.15686613187442408	0.5835430797038517
11	0.012	0	0.009499015286564827	0.11584973204468066	0.7045597306912976
12	0.012	0	0.012421876192092896	0.5417467636700051	2.1131886854618505
12	0.012	0	0.011735244654119015	0.6822982743279689	1.9798458104149779
12	0.012	0	0.01001223549246788	0.19605085183620127	1.0088839145137287
13	0.012	0	0.0117350984364748	0.5466413685513154	2.181801533166071
13	0.012	0	0.00933359656482935	1.067776170685118	3.689080376541902
14	0.012	0	0.011133413761854172	0.392708031516397	1.6921775151395866
14	0.012	0	0.013401596806943417	0.4789918563958522	1.8096530372014028
15	0.012	0	0.011725026182830334	0.2705606241917561	1.2985629542691657
15	0.012	0	0.012172657996416092	0.4699115875461751	1.7857346682935387
16	0.012	0	0.008784003555774689	0.4806868645871068	2.065488915310911
16	0.012	0	0.009060709737241268	0.1983599962942447	0.7872874728529996
17	0.012	0	0.011020154692232609	0.6865206776103443	2.365975588185363
17	0.012	0	0.010578826069831848	0.5581310382264594	2.1380916022309266
17	0.012	0	0.012145916000008583	0.20934252845323426	0.6982805033396249
18	0.012	0	0.010331101715564728	0.3258135081001785	1.29339960504091
18	0.012	0	0.007590395864099264	0.28943272575641393	1.2174374807816317
19	0.012	0	0.007744561415165663	0.11758086540538856	0.5247087778967868
19	0.012	0	0.010376781225204468	0.6590631408826646	2.913926457854013
20	0.012	0	0.00955901574343443	0.2970504072390777	1.0468040432758086
20	0.012	0	0.0055936905555427074	0.3884015119099835	1.4433235651896357
21	0.012	0	0.00788267981261015	0.43486005565081376	1.8105101169587574
21	0.012	0	0.015137427486479282	0.39038435387221454	1.3365899386530213
22	0.012	0	0.009547828696668148	1.0703737185513225	3.284300904590761
23	0.012	0	0.008584278635680676	0.5188413440326177	1.7579315557035369
24	0.012	0	0.012909656390547752	0.26121182254980396	1.3812993707812014
24	0.012	0	0.014180028811097145	0.0480043021043853	0.18983740631855103
26	0.012	0	0.011210612952709198	1.0074385697410797	4.284447964608812
27	0.012	0	0.013066991232335567	1.0481276186722597	4.241659585011968
28	0.012	0	0.010178611613810062	0.18820485542403909	0.5716128892428185
29	0.012	0	0.010712078772485256	0.11253063355826269	0.4365107431708085
30	0.012	0	0.009939702227711678	0.6191436775887388	2.0135404981083496
31	0.012	0	0.012048601172864437	0.27196179447179986	0.7952207037632322
31	0.012	0	0.013655764982104301	0.11763509643898287	0.47683192471886643
32	0.012	0	0.01102065946906805	0.292097865288382	0.8206884365267838
33	0.012	0	0.01177968829870224	0.23092539162131395	0.7197295203395202
34	0.012	0	0.007957051508128643	0.22721077916102997	0.9977038183601656
35	0.012	0	0.010685279965400696	0.26858182979042095	0.7854581592597819
35	0.012	0	0.009314607828855515	0.2772089649837051	1.0299648024939412
36	0.012	0	0.009317772462964058	0.07681816851743765	0.10517594002015508
36	0.012	0	0.01287717092782259	0.12270047478556759	0.3985889990915459
37	0.012	0	0.011123358272016048	0.7390787812133923	2.263248932285057
38	0.012	0	0.014692217111587524	0.4762021052703743	1.286278657480756
39	0.012	0	0.012391460128128529	0.27396116684597027	0.7304622345770765
40	0.012	0	0.012662279419600964	0.0754734530958402	0.21578563482689125
40	0.012	0	0.011845884844660759	0.15517844707128714	0.3237705764253273
41	0.012	0	0.014535843394696712	0.14654583491166034	0.09155435452822047
42	0.012	0	0.011566417291760445	0.20933466505626047	0.7387776380823413
43	0.012	0	0.014065360650420189	0.322388418975536	0.8628489110008236
44	0.012	0	0.010630740784108639	0.1490171112389484	0.6092732608724906
44	0.012	0	0.01106792502105236	0.21950287179521508	0.7172204373257395
44	0.012	0	0.012181485071778297	0.33886388422907743	0.6358552897128983
45	0.012	0	0.011550995521247387	0.3372368227478365	0.8851886179831981
45	0.012	0	0.0065691289491951466	0.17632087651431028	1.0067060469892979
49	0.012	0	0.010581719689071178	0.145996470021076	0.5721647528897474
49	0.012	0	0.009869229048490524	0.49088631359188073	1.8645869138398241
50	0.012	0	0.011936772614717484	0.1753956031334113	0.553094732936997
50	0.012	0	0.01214421633630991	0.3835736771756701	1.3742405098447292
51	0.012	0	0.009525238536298275	0.27767130338197815	1.0230741415344475
52	0.012	0	0.009570385329425335	0.07584064711183314	0.41906007029574727
52	0.012	0	0.008970912545919418	0.26212617230293656	0.8425703207884367
54	0.012	0	0.011862700805068016	0.23268729846739608	0.8630781791279236
54	0.012	0	0.013036233372986317	0.3706138976215876	1.913279685050581
55	0.012	0	0.00584801472723484	0.47652588842102683	1.9459869117135804
56	0.012	0	0.008358675986528397	0.38272596853286	1.4629749868399535
57	0.012	0	0.009369517676532269	0.42667312524925355	1.6692203613869314
58	0.012	0	0.011532421223819256	0.3776720560787417	1.2200903159146164
60	0.012	0	0.01511857844889164	0.2305559898071137	0.9606168082626726
60	0.012	0	0.009863701649010181	0.4852176615742065	2.172006689229356
61	0.012	0	0.011077544651925564	0.26566819238521044	0.761017804198975
61	0.012	0	0.005482275504618883	0.4243974933244344	1.8852823013257058
62	0.012	0	0.010527187027037144	0.12883033567426241	0.3437814121468104
62	0.012	0	0.011838860809803009	0.36096310732104153	1.3746033264684498
63	0.012	0	0.012282053008675575	0.33434895383789237	1.0926960269965142
63	0.012	0	0.010813581757247448	0.41536639548623133	1.625072587679829
64	0.012	0	0.014766856096684933	0.08538925796302259	0.3032719052206098
65	0.012	0	0.006111396010965109	0.07268984454593637	0.4067736244228793
66	0.012	0	0.010863850824534893	0.21503616362934044	1.0877489806630491
67	0.012	0	0.009626399725675583	0.0958446367907148	0.2888938088731147
67	0.012	0	0.009260734543204308	0.20972161676546927	0.8494640357108454
68	0.012	0	0.009568030014634132	0.15816635134826315	0.7350469204170543
68	0.012	0	0.008902720175683498	0.33024073371547474	0.8191254365550844
69	0.012	0	0.012401152402162552	0.09758558900070097	0.21065441653462658
69	0.012	0	0.012572001665830612	0.06338333018620432	0.1469102354626258
69	0.012	0	0.010817446745932102	0.05184406768218849	0.1752654159284562
70	0.012	0	0.012505213730037212	0.20677622810739402	1.1639350962406645
70	0.012	0	0.007970303297042847	0.31206969916584976	1.1015290790080403
70	0.012	0	0.00785792525857687	0.07448324574720994	0.2720146019035032
71	0.012	0	0.011065950617194176	0.2742707223065497	1.5001758756573085
71	0.012	0	0.014976254664361477	0.21253248536937003	0.80090306933374
71	0.012	0	0.012351433746516705	0.06975827600591147	0.3383473144548069
72	0.012	0	0.011576985009014606	0.4098228782178339	1.9218435068987778
72	0.012	0	0.008036400191485882	0.1251039257164246	0.2960899792572623
73	0.012	0	0.009026466868817806	0.4539070855500452	2.0130467169681387
73	0.012	0	0.0113649507984519	0.42798969888814237	1.7101553384985988
74	0.012	0	0.010814843699336052	0.4768035256645231	1.770312787983737
74	0.012	0	0.011650238186120987	0.6470527469983287	2.6966615234645657
75	0.012	0	0.014189377427101135	0.28155510500938125	0.6273893836751295
76	0.012	0	0.0070805661380290985	0.39357629794962595	1.672059919175077
78	0.012	0	0.008479316718876362	0.44767585819684036	1.752790830964927
78	0.012	0	0.011690028011798859	0.18079701259188719	0.6399437528635031
79	0.012	0	0.008803839795291424	0.11040342769846796	0.40186446778938645
80	0.012	0	0.01143445260822773	0.25293955514116423	1.2919406170556023
80	0.012	0	0.011577766388654709	0.04866836793856652	0.18405122087292977
81	0.012	0	0.007144606206566095	0.957112520677884	2.9601333136579613
81	0.012	0	0.011017926037311554	0.11712215322822059	0.464610687379493
82	0.012	0	0.013000128790736198	0.6083684932368104	2.232595326030237
82	0.012	0	0.009528432972729206	0.23588816585408554	0.7267831334677408
83	0.012	0	0.011100921779870987	0.41029542538425806	1.097975360781806
84	0.012	0	0.013797683641314507	0.2532942150512344	0.7244029039855774
85	0.012	0	0.00982133112847805	0.09796018443671801	0.43210456604915126
85	0.012	0	0.010627556592226028	0.2649293916977044	1.12520259005875
85	0.012	0	0.011396233923733234	0.20077841319210435	0.9769049079273889
86	0.012	0	0.00990013126283884	0.370945644966626	1.3974162103214471
86	0.012	0	0.007353163789957762	0.14979437630960465	0.8430203730170418
88	0.012	0	0.007875841110944748	0.08675633845795229	0.263484619055307
88	0.012	0	0.01116224192082882	0.5331099502064703	2.1184975061301112
89	0.012	0	0.011083507910370827	0.14239686306789867	0.35480625483747613
90	0.012	0	0.008890330791473389	0.2226363295604909	1.1657594251673873
91	0.012	0	0.011808736249804497	0.4259113217651053	1.6943792621544973
92	0.012	0	0.012419361621141434	0.19290739345879807	0.9152540153353685
93	0.012	0	0.012903987430036068	0.28236000158368446	1.2482064796164383
94	0.012	0	0.011226172558963299	0.5481510807747207	2.039744819188961
95	0.012	0	0.012036876752972603	0.16781184010943026	0.62511585415535
96	0.012	0	0.016482384875416756	0.12341605540913202	0.3671016254661235
97	0.012	0	0.012638363987207413	0.1281993219981746	0.32637336827768326
98	0.012	0	0.012174742296338081	0.14944591675461286	0.5047037683522324
99	0.012	0	0.014559261500835419	0.3440460643547235	1.0943953485433628
100	0.012	0	0.00839140173047781	0.42466851950626927	1.255371815468731
100	0.012	0	0.009818638674914837	0.34090072095822327	1.352311408398297
100	0.012	0	0.009242740459740162	0.3743073754779237	1.505585509517009
101	0.012	0	0.010717361234128475	0.21244323640804857	0.7768689608086724
101	0.012	0	0.00955396518111229	0.2384861101103273	0.6543680762058256
102	0.012	0	0.009785137139260769	0.21201463022536432	0.6641554727586827
102	0.012	0	0.0077879773452878	0.3668329217989412	1.0559642929205293
103	0.012	0	0.009388512931764126	0.2672898052404906	0.7496832068733061
103	0.012	0	0.011693226173520088	0.6258263424630282	3.3626626868383522
104	0.012	0	0.010421494953334332	0.19914646312331116	0.7244117571721191
104	0.012	0	0.010045019909739494	0.8202253879182005	4.146704947973973
105	0.012	0	0.012902753427624702	0.46937200508606597	1.8100036087672668
105	0.012	0	0.010116152465343475	0.02741255881865749	0.0872802142708173
106	0.012	0	0.012268109247088432	0.21862515462584753	0.6850420722017847
106	0.012	0	0.012646151706576347	1.076289110349558	4.429254770272085
107	0.012	0	0.01106757391244173	0.45746155089309243	1.1421173263751843
107	0.012	0	0.011202775873243809	1.1248378327546609	3.954843587093589
108	0.012	0	0.009779699146747589	0.13397376987946671	0.8495367348362536
108	0.012	0	0.011279629543423653	0.2615207694199797	0.45201562960131497
109	0.012	0	0.012720445170998573	0.3934248851248289	2.2448697276159266
109	0.012	0	0.010997917503118515	0.2558744015706201	0.5563910507150676
110	0.012	0	0.009420487098395824	0.7789356993833881	3.5210131949720647
110	0.012	0	0.008775978349149227	0.09290623077601204	0.36438131774532145
111	0.012	0	0.006910580676048994	0.9672182550208248	4.133755693162753
111	0.012	0	0.010430289432406425	0.04284522414686943	0.11817124241331463
112	0.012	0	0.009157465770840645	1.1973745744479354	4.729477528985863
112	0.012	0	0.01088638138025999	0.038366757174747405	0.18422304855754115
113	0.012	0	0.009075154550373554	0.6975141169273394	3.65649621441914
114	0.012	0	0.011412174440920353	0.3183517506521475	0.9167175299314604
115	0.012	0	0.009913107380270958	0.470887222864573	1.9124454919269571
115	0.012	0	0.013639310374855995	1.1787131556069137	4.464085243687872
116	0.012	0	0.009183205664157867	0.32263865692859683	1.277134711121523
116	0.012	0	0.007291050627827644	0.1556058913905849	0.6455966827170797
116	0.012	0	0.011931436136364937	0.9567157808513078	3.5122257740679066
117	0.012	0	0.006797050125896931	0.1347563888325857	0.5175108708006102
118	0.012	0	0.013318616896867752	0.41393467350946384	1.6020247116205895
118	0.012	0	0.01206135656684637	0.2913941556259245	1.115561394349902
119	0.012	0	0.011526049114763737	0.37275453502391864	1.468231309624773
119	0.012	0	0.0119237769395113	0.23579802017037602	0.9830802141108255
120	0.012	0	0.007636533584445715	0.2227744533474799	0.8618250937687278
120	0.012	0	0.010223268531262875	0.10326403162953116	0.329910194684387
121	0.012	0	0.012943181209266186	0.3248641674859484	1.180418474795787
123	0.012	0	0.0067000496201217175	0.20643196589914264	0.825224799213706
123	0.012	0	0.013393960893154144	0.5623734332345611	1.6887319630566535
123	0.012	0	0.011423125863075256	0.19314105890363478	0.8026303429384217
124	0.012	0	0.00843053963035345	0.11360522632749911	0.5008176209694787
125	0.012	0	0.008787414990365505	0.21508524742218152	0.8618574607339499
126	0.012	0	0.010075388476252556	0.21751476028370892	0.6126614248354697
127	0.012	0	0.012385936453938484	0.14451878118378295	0.4246187163349228
128	0.012	0	0.006784214172512293	0.45273249021904477	1.9514997105807699
131	0.012	0	0.012018261477351189	0.5518867344320062	1.9103372708602253
131	0.012	0	0.010323316790163517	0.08758783249000178	0.4939346991857695
132	0.012	0	0.009583652019500732	0.37047581470844093	1.3605810620259458
133	0.012	0	0.012597208842635155	0.243846574066306	1.0433286263176567
134	0.012	0	0.010241201147437096	0.1977600978821259	0.6271235065578898
136	0.012	0	0.01119451504200697	0.21439675641066666	0.7567879310131856
137	0.012	0	0.012194007635116577	0.22737329048109048	0.8087655292560356
139	0.012	0	0.00856386311352253	0.23401046312364157	0.9410287711920116
140	0.012	0	0.011576423421502113	0.2613876308077265	1.1036596293356329
141	0.012	0	0.012393642216920853	0.7837825351169316	2.762040337383076
141	0.012	0	0.011224399320781231	0.12298525472341325	0.2530709978235904
142	0.012	0	0.009128695353865623	0.5613706847093269	3.0315041957033424
143	0.012	0	0.010182146914303303	0.3979863709889669	1.7788868669752924
144	0.012	0	0.011233950965106487	0.572002065803394	2.286024064814715
144	0.012	0	0.011452297680079937	0.19510656801756962	0.920842930704987
145	0.012	0	0.011375966481864452	0.21288934938426657	0.7207320333966953
146	0.012	0	0.008381512947380543	0.3470664194156702	1.2559904414157628
147	0.012	0	0.008657721802592278	0.29700873568026337	1.4212653577977399
148	0.012	0	0.012043813243508339	0.482788178321172	2.0685915767556513
149	0.012	0	0.009237462654709816	0.39067145133486636	1.7282826549537889
150	0.012	0	0.011378273367881775	0.33472098662375527	1.7169305868516322
150	0.012	0	0.011303571052849293	0.2682958736074853	0.9254448827364088
151	0.012	0	0.009841161780059338	0.4041776663209821	2.108999804699924
152	0.012	0	0.009341278113424778	0.48039578375637537	2.074995620260914
152	0.012	0	0.00962431076914072	0.2786206202770897	0.6678136547629894
152	0.012	0	0.011522870510816574	0.08588452457483704	0.35277118695525167
153	0.012	0	0.009992805309593678	0.3385148445335624	1.148149336422517
154	0.012	0	0.011719915084540844	0.2181782523317548	1.2576052214920155
155	0.012	0	0.009805857203900814	0.31263709675351786	1.4726227435356203
155	0.012	0	0.007677495013922453	0.041383958980170554	0.16701709614198235
156	0.012	0	0.013275674544274807	0.5287567785341653	1.7849750740274868
156	0.012	0	0.011331240646541119	0.5772584292864003	1.9412720324757553
157	0.012	0	0.01408175379037857	0.3893100836270748	1.8054165357258256
157	0.012	0	0.009551236405968666	0.15560915262863767	0.5505987994173621
158	0.012	0	0.005744080524891615	0.2729158025859171	1.3740061444384328
158	0.012	0	0.01000335905700922	0.3161097222321549	1.0696459064963153
158	0.012	0	0.010089239105582237	0.3761938282599918	1.7423661464506277
159	0.012	0	0.010056504979729652	0.481340039360257	2.013538440637121
159	0.012	0	0.010984247550368309	0.06360955375556418	0.15864974612792884
159	0.012	0	0.013825586996972561	0.5344350910669422	2.270385416224645
160	0.012	0	0.013550377450883389	0.4853822015123215	1.637891521268691
161	0.012	0	0.013387380167841911	0.11477006072243956	0.3255278172628646
161	0.012	0	0.00935246329754591	0.2048839598692443	0.8050669272190587
161	0.012	0	0.008939611725509167	0.26616115039686383	1.3164824211100425
162	0.012	0	0.014341974630951881	0.1329723312251853	0.4191441822909558
162	0.012	0	0.016529913991689682	0.698389002831249	2.80084582436632
163	0.012	0	0.010061210952699184	0.31076017730636574	0.7563534227245122
163	0.012	0	0.010928314179182053	0.2779261738332531	0.8037018385027586
164	0.012	0	0.010408117435872555	0.1819921724178371	0.5312490103101759
164	0.012	0	0.005629578605294228	0.15942206689055669	0.622657159422275
165	0.012	0	0.010491898283362389	1.2372987854267419	6.045019955399748
165	0.012	0	0.00719430623576045	0.2808666644852365	0.6256844803851956
166	0.012	0	0.013566797599196434	1.8241039349224653	7.95755009906689
166	0.012	0	0.00823429599404335	0.4528020993873462	1.4241425841905415
170	0.012	0	0.010322457179427147	0.2317795300896109	0.9404627276705422
170	0.012	0	0.01315542496740818	0.39073799660403125	1.3704331427496808
170	0.012	0	0.011994278989732265	0.4580728813766823	1.823887079614425
171	0.012	0	0.009801406413316727	0.7967007569660803	2.559960664858908
173	0.012	0	0.010860423557460308	0.7452702415736464	2.8378168054154758
174	0.012	0	0.011693866923451424	0.32695418207953636	1.1242786787874015
174	0.012	0	0.010004422627389431	0.5034716258954133	1.8256176510451354
174	0.012	0	0.009411588311195374	0.29877053620264893	1.4057643357870675
176	0.012	0	0.008674771524965763	0.336347108555077	1.2905790946721332
176	0.012	0	0.010353390127420425	0.551965001817366	2.489259409372031
177	0.012	0	0.00954795628786087	0.3434780526512899	1.392634358284859
178	0.012	0	0.012134822085499763	0.2434312022076354	1.1413980110761885
178	0.012	0	0.009201708249747753	0.6984637757611181	2.9704971048458457
179	0.012	0	0.006520543247461319	0.23110256109880742	1.1652361792171093
179	0.012	0	0.008124847896397114	1.1251971629403665	4.3067648431942125
179	0.012	0	0.012109718285501003	1.035986479314284	4.134803563277889
180	0.012	0	0.013721748255193233	0.2165099678521558	0.843380895424581
180	0.012	0	0.009014464914798737	0.21803518466337027	0.8911193178254175
180	0.012	0	0.012000788934528828	1.077387815159871	4.2599983989798105
182	0.012	0	0.009793843142688274	1.0248231731058601	2.3891195381644765
183	0.012	0	0.01085580699145794	0.33235483067083105	1.1123864624003608
183	0.012	0	0.008518246933817863	0.4579730456670075	2.207085530350976
183	0.012	0	0.012234224006533623	0.09544089622817212	0.30985056425199675
184	0.012	0	0.009192819707095623	0.14672105290767315	0.7499015901260925
185	0.012	0	0.012015829794108868	0.14563695420742778	0.9279573561483714
185	0.012	0	0.011737515218555927	0.2815299549787203	0.9723620052895378
187	0.012	0	0.007912137545645237	0.317366328201012	1.0971838486183734
188	0.012	0	0.008238362148404121	0.191978386432047	0.6688892764486241
188	0.012	0	0.012326275929808617	0.07013447994392721	0.3330308881034722
189	0.012	0	0.011773054488003254	0.17422176029648972	0.3942051464127324
189	0.012	0	0.011804180219769478	0.35124042877376493	1.603500741660134
190	0.012	0	0.006649326533079147	0.09592595115805118	0.217576584140907
190	0.012	0	0.01503104716539383	0.3548996652394631	1.4429558265972855
191	0.012	0	0.012612219899892807	0.7866431950183644	1.9629335854850352
191	0.012	0	0.014188881032168865	0.12364054359757401	0.4008909062294418
192	0.012	0	0.01064486987888813	1.055989295626566	5.106055739830666
193	0.012	0	0.011748388409614563	1.2003145761389318	6.287388855066282
194	0.012	0	0.010348969139158726	1.619988007678077	7.585229053713846
194	0.012	0	0.009127170778810978	0.1162348732918295	0.2065869746576137
195	0.012	0	0.011759107932448387	2.3379165441254606	9.540421636291311
197	0.012	0	0.004588967654854059	1.2876692064884623	4.307028470666279
198	0.012	0	0.009549170732498169	0.1441090927365939	0.5952646170638175
199	0.012	0	0.013326705433428288	0.12109809431436921	0.4643556288987725
199	0.012	0	0.011563761159777641	0.19958098589314832	0.776572589279114
199	0.012	0	0.012710046023130417	0.15303257870552947	0.8943054211989074
200	0.012	0	0.01261536031961441	0.3198477846575435	1.2569647811123363
204	0.012	0	0.006790395360440016	0.2753322365268513	1.4218355198005257
204	0.012	0	0.011729569174349308	0.3478740383592677	0.6506980634589254
207	0.012	0	0.00912360567599535	0.29208526649196614	0.99721386243447
207	0.012	0	0.007245027460157871	0.20289282573589904	1.1053903769095437
208	0.012	0	0.013836611993610859	0.11845522530057608	0.2962467089423541
208	0.012	0	0.009232982993125916	0.5126392256563935	2.006114443791582
209	0.012	0	0.012391076423227787	0.23582750717480977	0.6585080338304289
209	0.012	0	0.00955645740032196	0.19762933962335888	0.7107875173805868
210	0.012	0	0.01010830607265234	0.11054566930139899	0.2141556913171638
211	0.012	0	0.00826733186841011	0.14006928649301845	0.6981007141871706
212	0.012	0	0.011244176886975765	0.1765382964897757	0.6955910659386438
213	0.012	0	0.008533445186913013	0.07411715886945076	0.10838829324968302
214	0.012	0	0.012188947759568691	0.05861124222735903	0.24482559018158945
214	0.012	0	0.008668025955557823	0.2692387960012613	0.8940334560262876
215	0.012	0	0.012912541627883911	0.03800923347063029	0.14951757539170898
216	0.012	0	0.008280662819743156	0.17500053612403868	0.7646095457191598
216	0.012	0	0.009443842805922031	0.24957444352222935	1.0562930762336533
217	0.012	0	0.012465573847293854	0.11289846292317637	0.511396526838381
217	0.012	0	0.012004433199763298	0.38723949134136537	1.691584094613343
218	0.012	0	0.012879894115030766	0.06174013045421283	0.29788426678773894
219	0.012	0	0.012149046175181866	0.04613415271165256	0.24929964204312027
219	0.012	0	0.007970713078975677	0.2324524908910143	1.2967835690236245
220	0.012	0	0.012618324719369411	0.13287635049244634	0.6895463006973085
220	0.012	0	0.009632530622184277	0.6576070111432576	3.0853687468705244
221	0.012	0	0.007247180212289095	0.1087204803421131	0.5780207248114085
222	0.012	0	0.009967729449272156	0.0861886889727796	0.27729513290576013
223	0.012	0	0.008948825299739838	0.5234665002006562	1.8913434797412232
224	0.012	0	0.011865532025694847	0.31033831991753486	1.2284421340876788
224	0.012	0	0.0107261436060071	0.19836141349797146	0.5593704929026417
224	0.012	0	0.010177267715334892	0.43638284799514776	2.4710117140952246
225	0.012	0	0.004659920930862427	0.7883365116885115	2.993119341865695
226	0.012	0	0.012898142449557781	0.1392202254982983	0.5622207238939116
227	0.012	0	0.014500454068183899	0.26387156412385376	1.2956247448754932
228	0.012	0	0.008162581361830235	0.9854567767865522	4.448936087430156
229	0.012	0	0.009983771480619907	0.29054540635272375	0.7630599151278337
229	0.012	0	0.012707766145467758	0.17146505067982862	0.7071073779825541
229	0.012	0	0.009320380166172981	1.3126621421736377	4.942647818551486
230	0.012	0	0.013045684434473515	0.8513225982643886	3.1766704658144262
231	0.012	0	0.012182474136352539	0.26551358916567597	1.1581022906760463
231	0.012	0	0.009540168568491936	0.39320418866823237	1.2245069201963963
232	0.012	0	0.009965796954929829	0.1514800908305389	0.2562553584480529
234	0.012	0	0.00833057425916195	0.24673516411034932	1.0996835527993565
234	0.012	0	0.01291484571993351	0.6678754002487365	2.1983667401523106
235	0.012	0	0.012864192947745323	0.74698412393154	3.3630833779862366
236	0.012	0	0.009797181934118271	0.8211033334051775	3.4455849589471135
237	0.012	0	0.00910262856632471	0.2178524599933343	0.8933768193019566
239	0.012	0	0.008120827376842499	0.1274417896178528	0.2626525032902971
239	0.012	0	0.009653875604271889	0.20674815655994053	0.91075297259039
240	0.012	0	0.004289515782147646	0.1082074790457059	0.21191053388389314
240	0.012	0	0.01315371971577406	0.2165978418999763	0.5730533308622093
240	0.012	0	0.006689033936709166	0.40430275300233154	1.7984584546795865
241	0.012	0	0.011527013033628464	0.18594992298900415	0.4382101878219208
241	0.012	0	0.009939109906554222	0.2533797239359852	1.2285861660017119
241	0.012	0	0.011816401034593582	0.633054350283137	3.1235722973660525
242	0.012	0	0.010961347259581089	0.10759845931251191	0.6178614986147614
242	0.012	0	0.01019816193729639	1.0097392897771624	4.257432073346268
243	0.012	0	0.011009038425981998	0.7544308239546551	3.117256370285702
244	0.012	0	0.013803546316921711	0.5599897359178436	1.9156402537394226
245	0.012	0	0.010476251132786274	0.2073587867446101	0.49158402912009264
246	0.012	0	0.0123278284445405	0.25782158572173985	0.9779582304742793
247	0.012	0	0.00494390306994319	0.2403953480701589	1.0289877742370974
248	0.012	0	0.004943557549268007	0.5878644220576109	1.707820921288625
248	0.012	0	0.011402455158531666	0.38168405286588497	0.7761494603644129
249	0.012	0	0.007581476587802172	0.22365991014955075	0.6587026355974539
251	0.012	0	0.010386561043560505	0.10878275233968389	0.43440313108816125
251	0.012	0	0.011299367994070053	0.538886937255048	2.691692170841441
252	0.012	0	0.009106151759624481	0.8836258336989515	3.7185590289129626
253	0.012	0	0.008740090765058994	0.9535993671249027	3.7959930855797857
254	0.012	0	0.010509044863283634	0.3517061748744823	1.1588936286144818
254	0.012	0	0.011177759617567062	0.6624967252037202	2.2378991369283243
255	0.012	0	0.012488013133406639	0.16274170111530994	0.5239384502200031
257	0.012	0	0.009698541834950447	0.22417474957186082	1.0320530086028445
258	0.012	0	0.012616228312253952	0.033974456384501875	0.15940501364861454
261	0.012	0	0.011064148508012295	0.3189346859304234	0.8761694808591479
261	0.012	0	0.00839143991470337	0.4835057620054905	1.9078949051209737
262	0.012	0	0.007559895981103182	0.5878275049892739	1.6987661209049654
263	0.012	0	0.008816562592983246	0.3757853147011615	2.0099494202623442
263	0.012	0	0.0069623119197785854	0.27087926587463335	0.26992347524522337
264	0.012	0	0.01161741279065609	1.0711235766122489	4.187090495957421
265	0.012	0	0.009854082949459553	0.2270637555452693	0.576182790661433
267	0.012	0	0.010810728184878826	0.42900785631159666	2.1091358065179295
267	0.012	0	0.013768957927823067	0.4313051553562837	1.3065061839257555
268	0.012	0	0.012424972839653492	0.9286028881156136	3.8618223443716166
268	0.012	0	0.010883620008826256	0.6152710773437061	1.9940761015034385
270	0.012	0	0.010550602339208126	0.1091576815578612	0.3889579533912156
271	0.012	0	0.009464318864047527	0.20189075246777674	0.4542634534013841
271	0.012	0	0.010419140569865704	0.28906101576552595	1.6362460999579238
272	0.012	0	0.008845534175634384	0.3936636063278908	1.6221340690904733
272	0.012	0	0.009946375153958797	0.7569719820312555	3.338652528228674
273	0.012	0	0.012829666957259178	0.7032613545844869	2.7561685659726853
273	0.012	0	0.009785699658095837	0.7775777409577171	3.006432426912273
274	0.012	0	0.011898844502866268	0.33985691678274066	1.1426526999364333
274	0.012	0	0.0063507636077702045	0.24300647569351183	0.6309043213852615
275	0.012	0	0.012237485498189926	0.4949547768915887	1.4584585353959705
276	0.012	0	0.00978213082998991	0.25834368926573686	0.893729071300996
277	0.012	0	0.011522499844431877	0.3534530767404665	0.8224532008327431
278	0.012	0	0.010329412296414375	0.1129269552764999	0.3900040074830235
280	0.012	0	0.0048990859650075436	0.5291419908832359	1.7721668583198333
280	0.012	0	0.008282742463052273	0.08498581265376158	0.2524489403696707
281	0.012	0	0.008719507604837418	0.5510653348717499	2.078672784484061
281	0.012	0	0.007937095127999783	0.09422644477465106	0.24471861360313932
282	0.012	0	0.010206212289631367	0.10145792091565721	0.3877474283338094
284	0.012	0	0.009203013963997364	0.28189549978623274	1.4787320749440627
286	0.012	0	0.011501224711537361	0.36029589060356726	1.1550768646664267
286	0.012	0	0.012153489515185356	0.09399120641950451	0.437622534574349
287	0.012	0	0.010150478221476078	0.23595323641279686	0.49370132176645243
287	0.012	0	0.010747019201517105	0.041907913430993794	0.24383161991860708
288	0.012	0	0.00994506198912859	0.29805775209579727	0.7631858612406236
288	0.012	0	0.013102451339364052	0.09954520379992045	0.6621413516788696
289	0.012	0	0.011828447692096233	0.6188516245237403	2.015027443032071
289	0.012	0	0.009373164735734463	0.21653742952644275	1.0749500546089725
290	0.012	0	0.011641500517725945	0.38644637335205134	1.6497631117077833
291	0.012	0	0.013238882645964622	0.3129132269481661	0.9728613960432447
291	0.012	0	0.010771654546260834	0.41519612796207234	1.5660165458852013
292	0.012	0	0.008022825233638287	0.3776490224860201	1.4392043253863882
293	0.012	0	0.00907049048691988	0.304185845387086	1.1952984331795042
294	0.012	0	0.012113233096897602	0.12180478467238426	0.6694541206549465
294	0.012	0	0.010549583472311497	1.0682356210279806	3.707612869376352
295	0.012	0	0.010663577355444431	0.14324461274515576	0.6483220166692844
295	0.012	0	0.014369400218129158	0.875443955602918	3.0368262413783347
296	0.012	0	0.00576378358528018	0.5536965558992663	2.1801584688167974
296	0.012	0	0.011258823797106743	0.47582086164741255	1.7648518847502033
297	0.012	0	0.011763166636228561	0.2143226442895253	0.8086847226956848
300	0.012	0	0.00975700281560421	0.4726487975018215	1.8396291249020436
300	0.012	0	0.009468866512179375	0.4189585125308558	1.7446171340514582
301	0.012	0	0.012311038561165333	0.627482982846016	2.107745060674569
301	0.012	0	0.01396271213889122	0.20549661479426556	0.9445772933381038
303	0.012	0	0.009416349232196808	0.38109794671788705	0.8497159969906176
306	0.012	0	0.0069070071913301945	0.1654478978162215	0.5056722219651093
306	0.012	0	0.010030212812125683	0.1966811475980392	0.7960765019739663
308	0.012	0	0.006917961873114109	0.014749138800028557	0.03254535531656834
309	0.012	0	0.009851581417024136	0.3180742022376512	0.9046071905373068
312	0.012	0	0.012376728467643261	0.7489152571720764	2.7472868706030162
315	0.012	0	0.00814942829310894	0.11257691962283152	0.4143627466302192
316	0.012	0	0.010409022681415081	0.09363008784216106	0.3227208362066529
317	0.012	0	0.005974180065095425	0.08524114271413945	0.3184945523881775
318	0.012	0	0.009132612496614456	0.4545127056334101	1.2671289121463025
318	0.012	0	0.009492467157542706	0.03716702987947642	0.26794251058920887
319	0.012	0	0.009097537957131863	0.31041708829349046	1.1487478059250391
320	0.012	0	0.010726605542004108	0.3860641295894752	1.3349248693554503
320	0.012	0	0.006059323903173208	0.175637074387877	1.0758194895740543
321	0.012	0	0.011320038698613644	0.40556566905934266	1.2809216555645861
322	0.012	0	0.008913546800613403	0.13694877331576658	0.3555159697356554
323	0.012	0	0.00924837775528431	0.5115466797108857	1.6530926899545608
324	0.012	0	0.00941405352205038	0.08352424691037427	0.4790944923208182
324	0.012	0	0.00483373599126935	0.5197016554837516	2.581014784170189
325	0.012	0	0.00983866024762392	0.14838023137302092	0.3917432934272044
326	0.012	0	0.010935123078525066	0.50205404739577	1.8129921447861017
326	0.012	0	0.013502229005098343	0.1780217005002011	0.6859338548380433
330	0.012	0	0.005940047092735767	0.13623099548821793	0.42920503984897745
332	0.012	0	0.009872326627373695	0.16760981911105444	0.6014011170578296
333	0.012	0	0.008537380956113338	0.09948395474883427	0.3417743353153813
336	0.012	0	0.012394308112561703	0.31007260686485855	0.8851823201618463
336	0.012	0	0.010311610996723175	0.10519738001897651	0.2598430447426065
337	0.012	0	0.0102542694658041	0.1646344332252824	0.38784577119963926
338	0.012	0	0.01028575748205185	0.12583090931895624	0.3075751912168349
338	0.012	0	0.01054635364562273	0.36340913768141264	1.420681313042473
339	0.012	0	0.012054741382598877	0.20889102183244446	0.3474347274132207
340	0.012	0	0.010683041997253895	0.4513633599105939	1.1316043121187787
341	0.012	0	0.012452548369765282	0.14570370542796668	0.5275337110499062
342	0.012	0	0.014953844249248505	0.2270639343948208	0.7413103066953903
342	0.012	0	0.008146203123033047	0.08725328614553965	0.24455109529764787
343	0.012	0	0.010189693421125412	0.20573896605807945	0.9021424456675166
344	0.012	0	0.00785050168633461	0.48101652385272653	1.594889568726677
344	0.012	0	0.012834938243031502	0.09050135956317146	0.309066256304753
345	0.012	0	0.010612323880195618	0.3502118317392668	0.9715968665796114
345	0.012	0	0.008266204968094826	0.09741464829329831	0.2296366082123341
346	0.012	0	0.011880184523761272	0.6692043025451377	2.6844845661774874
346	0.012	0	0.009302222169935703	0.16519687938730238	0.37356612384321586
347	0.012	0	0.01096189022064209	0.5217844796330058	2.644551232112407
347	0.012	0	0.013096294365823269	0.14705821826433482	0.29213860334915875
348	0.012	0	0.009937993250787258	0.6495631876294601	3.1654818090294325
349	0.012	0	0.012786288745701313	0.27179513482214085	1.175402338588751
350	0.012	0	0.007993470877408981	0.3577561783053288	1.1284553566286843
351	0.012	0	0.009700963273644447	0.2375434468409336	0.9804508067827276
351	0.012	0	0.011104149743914604	0.20287552096236774	0.6879834439720054
352	0.012	0	0.010013788938522339	0.11026946933506267	0.3875350761480602
353	0.012	0	0.011483279056847095	0.32509740838723	0.8778543946811271
354	0.012	0	0.011908876709640026	0.40615924445714907	1.7969646676930948
354	0.012	0	0.0062516010366380215	0.3407139402968551	1.249788517177875
355	0.012	0	0.007354652043431997	0.46963381112455316	1.9423245985389992
356	0.012	0	0.010784592479467392	0.4173685480391283	1.7293820399363573
356	0.012	0	0.0071142250671982765	0.3894462237590857	1.2561866920874116
357	0.012	0	0.011620260775089264	0.0976122906290863	0.23162604532249711
358	0.012	0	0.013839222490787506	0.2917399805050469	0.7952969609053697
359	0.012	0	0.011132488958537579	0.2940952222549835	0.492160035573259
359	0.012	0	0.010100250132381916	0.07549621891360102	0.3834744019786346
360	0.012	0	0.011937001720070839	0.433692674976797	1.4752925723705554
360	0.012	0	0.011911912821233273	0.1832126770223491	0.9458901138135347
361	0.012	0	0.008837302215397358	0.5995414814105213	1.3590826007358419
361	0.012	0	0.010160860605537891	0.2104251185523252	1.0169519746164477
362	0.012	0	0.01400746125727892	0.2428807331744792	0.4584100781670449
362	0.012	0	0.013533368706703186	0.18153831459836947	0.7744609957706299
365	0.012	0	0.01243051327764988	0.2117942544412202	0.7461414115455043
366	0.012	0	0.012208474799990654	0.5457088953622931	1.4117606181040319
367	0.012	0	0.01187234278768301	0.7890404710133635	2.5098617007461534
367	0.012	0	0.010634226724505424	0.17891579852357659	0.7309883690619623
368	0.012	0	0.008564664982259274	0.5059538776032705	1.1854593167837308
368	0.012	0	0.014323610812425613	0.15327582030443695	0.48685017497049493
371	0.012	0	0.011029082350432873	0.10737069215575927	0.289708793649279
372	0.012	0	0.013957081362605095	0.21131735315908562	0.694729274975657
373	0.012	0	0.012225613929331303	0.08565199981371134	0.27817603770451715
374	0.012	0	0.012399309314787388	0.15326258443576365	0.6775761664830201
375	0.012	0	0.008805368095636368	0.07532335625444389	0.2844060616282243
378	0.012	0	0.012903191149234772	0.048955469780230035	0.14781370751356043
379	0.012	0	0.010925105772912502	0.2529240621560405	0.847030387850087
380	0.012	0	0.013417699374258518	0.08745312204034619	0.2862806168924742
381	0.012	0	0.00971720926463604	0.07453917846882269	0.3312292709174358
384	0.012	0	0.012751630507409573	0.26245998330848375	0.756590349472866
384	0.012	0	0.011152105405926704	0.11438899633458431	0.17630531544455533
385	0.012	0	0.00924702174961567	0.42894522290963105	1.3806416978696414
385	0.012	0	0.013116824440658092	0.0952494084615659	0.2854845223954518
386	0.012	0	0.006802501156926155	0.24846575468164314	0.5146555922705588
386	0.012	0	0.010521337389945984	0.13246336903661302	0.3785964107320169
387	0.012	0	0.013140521943569183	0.5497041123319113	1.7428689562992363
388	0.012	0	0.012300032190978527	0.5438393466533294	1.6088765759154977
388	0.012	0	0.010130218230187893	0.23386631794301938	0.702311728313868
389	0.012	0	0.010125934146344662	1.091861246612356	3.662262807105785
389	0.012	0	0.01141255721449852	0.18457702271437584	0.4248999633512626
390	0.012	0	0.01433679461479187	0.2527912697132676	0.9913267161705756
390	0.012	0	0.00970421265810728	0.050074842393687126	0.19162143698146553
391	0.012	0	0.01132061704993248	0.09477034750797998	0.41541177518576367
393	0.012	0	0.00788850523531437	0.3280571286861619	0.5555813983875756
394	0.012	0	0.012401795014739037	0.16198336032041613	0.6592943605641366
397	0.012	0	0.007299506571143866	0.4985353503835377	2.321171506258283
398	0.012	0	0.012123135849833488	0.5365349536937767	2.244303585982086
399	0.012	0	0.009636376053094864	0.7557067875281052	2.9547687167436085
401	0.012	0	0.012653282843530178	0.284982974052431	1.0170256577170669
402	0.012	0	0.010800576768815517	0.13474115956375052	0.41170472236462563
403	0.012	0	0.010831302963197231	0.21117123254539286	0.7701146875310173
404	0.012	0	0.012847929261624813	0.29609870131144267	0.947341056437528
407	0.012	0	0.010521739721298218	0.4098242251612313	1.3049987896779849
407	0.012	0	0.011762501671910286	0.3870074295751621	2.1796375543616944
408	0.012	0	0.010699216276407242	0.2112896553353608	0.6759520307795951
409	0.012	0	0.010679389350116253	0.10175950483123618	0.3753028215530316
411	0.012	0	0.014030825346708298	0.3463217484929188	1.2816054822588725
412	0.012	0	0.008915815502405167	0.6477004942382797	2.133511734949488
413	0.012	0	0.008921227417886257	0.3751911578517832	1.511175515042337
415	0.012	0	0.013238240964710712	0.194541952496716	0.7307662840500393
416	0.012	0	0.011129260994493961	0.4548591845535238	1.5469817927428418
416	0.012	0	0.01084666047245264	0.15176318624072888	0.4957668742359186
420	0.012	0	0.007290551904588938	0.2084704570350977	1.035792072007353
422	0.012	0	0.008694909512996674	0.3822547244957685	1.3853097371644505
423	0.012	0	0.00957473460584879	0.135948182220411	0.7276387121472396
427	0.012	0	0.0062125083059072495	0.46492057661659575	1.6268304059855934
428	0.012	0	0.007169377990067005	0.3203725197281734	0.8752450130705373
428	0.012	0	0.010938270017504692	0.3023056511848387	1.120394618913355
429	0.012	0	0.005459820386022329	0.28369823754162116	1.2096488609303597
429	0.012	0	0.010903794318437576	0.24768822717697447	1.1190278620632614
430	0.012	0	0.012225333601236343	0.38841308469077096	1.6872978285217968
430	0.012	0	0.009907859377563	0.2712559156033152	1.2293502680840418
432	0.012	0	0.011392288841307163	0.6082185354415456	1.9698860618694403
433	0.012	0	0.006531744729727507	0.09641426664070163	0.4046964023906265
434	0.012	0	0.008489594794809818	0.1621892432545899	0.4572341181994955
434	0.012	0	0.010454678907990456	0.2161518563285849	0.8467914881097515
438	0.012	0	0.013502553105354309	0.15513042121626855	0.5180787453376087
442	0.012	0	0.007162373047322035	0.14613415456301587	0.5661303402829005
443	0.012	0	0.0044878763146698475	0.09051621739512783	0.4311871604807801
445	0.012	0	0.011556295678019524	0.16212084234160345	0.4410066225305512
447	0.012	0	0.01620970107614994	0.13835688204039082	0.632844781185617
447	0.012	0	0.010667971335351467	0.19227331040898227	0.641393147297964
448	0.012	0	0.008481606841087341	0.18222827536942482	0.5540463185423263
449	0.012	0	0.012272750027477741	0.29355554984886123	1.1289214032614046
449	0.012	0	0.01129933726042509	0.05508937986341306	0.11904955837353552
450	0.012	0	0.00881562102586031	0.3053735919103932	1.185305068295177
450	0.012	0	0.012365111149847507	0.28938368485051524	1.1889631281435749
451	0.012	0	0.00831613689661026	0.31502753119282245	1.1186223808291544
452	0.012	0	0.00911395251750946	0.2662413532225589	0.9499725947181223
452	0.012	0	0.007305797189474106	0.2009677214021725	0.6399472103090883
453	0.012	0	0.012636245228350163	0.32388216649586277	1.0195562904890827
453	0.012	0	0.009416813030838966	0.3119268626618056	1.0254983737240562
454	0.012	0	0.01134402398020029	0.14115904679286903	0.47264716768505777
455	0.012	0	0.008560462854802608	0.2994008897061433	1.0846870417311332
456	0.012	0	0.012321671470999718	0.23337414578724483	0.9382155969134441
459	0.012	0	0.010104615241289139	0.3365532061086959	1.828498849831161
460	0.012	0	0.012688362039625645	0.69558891228673	2.8388833178758497
461	0.012	0	0.00839942879974842	0.5480054407310815	2.4634925535146417
462	0.012	0	0.006929965224117041	0.2835042745746061	1.1784251913774566
463	0.012	0	0.01043204590678215	0.22305954743888481	0.8622965489877714
466	0.012	0	0.015072119422256947	0.1446165076953767	0.6931293364006745
467	0.012	0	0.010335403494536877	0.4163281805054043	1.796351952302171
469	0.012	0	0.00779859209433198	0.6154018352024672	3.2506571827027186
470	0.012	0	0.009462404064834118	0.9289540070741893	4.065435429662973
471	0.012	0	0.009261352010071278	1.1625046655995979	4.4666291174637855
472	0.012	0	0.009078704752027988	0.3061675639822073	0.9966941616797311
472	0.012	0	0.010449429042637348	0.5218469563381356	1.906787802465078
473	0.012	0	0.012557195499539375	0.07547031063278106	0.24682526995860773
474	0.012	0	0.007422293070703745	0.31674429061541864	1.297783296518011
474	0.012	0	0.010822025127708912	0.15680376193105966	0.5087418423556809
475	0.012	0	0.008430243469774723	0.26367900210971423	1.1234125127625005
477	0.012	0	0.0149501608684659	0.7081150461539432	2.5059464083275187
477	0.012	0	0.010472090914845467	0.04327473807607686	0.17735378521239498
481	0.012	0	0.011431816034018993	0.33630770550246336	1.2445946298015422
482	0.012	0	0.009090493433177471	0.2502571002455638	0.9748810021828701
482	0.012	0	0.011233922094106674	0.1194687547184915	0.4941047097387844
483	0.012	0	0.008502339012920856	0.07066506075566945	0.22091872679399363
484	0.012	0	0.01142590120434761	0.13478099358122056	0.5771753697679867
485	0.012	0	0.008941952139139175	0.05991785551050529	0.1807206237326224
486	0.012	0	0.01073270384222269	0.06310286601468446	0.27601839708289166
488	0.012	0	0.0033882625866681337	0.40197601223047486	1.4780642215783282
489	0.012	0	0.0042611220851540565	0.46636324831177767	1.5293184871065588
489	0.012	0	0.009166683070361614	0.30054187119444176	1.1309467805768878
490	0.012	0	0.007156441919505596	0.19805275876576778	0.5910886011485598
492	0.012	0	0.007292714901268482	0.48961974360169436	1.1064140676404612
492	0.012	0	0.008419045247137547	0.12018007346267258	0.7207654359946988
493	0.012	0	0.013200371526181698	0.10771840805556719	0.43086685496378524
495	0.012	0	0.012606322765350342	0.12993381707892923	0.5599138292644472
496	0.012	0	0.007852807641029358	0.06153296274499829	0.2695226105744239
497	0.012	0	0.005889912135899067	0.03649115047777192	0.12180228968428719
498	0.012	0	0.01001469511538744	0.41755816073620455	2.0342041461553957
502	0.012	0	0.010750132612884045	0.10599667426102216	0.1725908361530826
506	0.012	0	0.010686848312616348	0.4184769385909447	1.386597082039658
507	0.012	0	0.009791705757379532	0.5192936889204666	2.1603135740250905
509	0.012	0	0.008733119815587997	0.08953689953272218	0.3093621508900117
511	0.012	0	0.011146508157253265	0.09245237833134724	0.29538378080549066
514	0.012	0	0.006555286236107349	0.23115641217171642	0.9320777816142773
515	0.012	0	0.00828598067164421	0.3619677474538068	1.051127006367948
519	0.012	0	0.008917476050555706	0.0798755822938089	0.34378029545947936
519	0.012	0	0.009430323727428913	0.18195284684130913	0.6746690596623968
520	0.012	0	0.01090344600379467	0.3055273725231781	1.0711846324343397
521	0.012	0	0.009693993255496025	0.13156729981806364	0.3866926356127814
522	0.012	0	0.013456244021654129	0.16689021362222234	0.6970744065325724
522	0.012	0	0.01444756519049406	0.1747402253499226	0.5589348074262235
523	0.012	0	0.015064455568790436	0.10656537309293816	0.2236607966826577
524	0.012	0	0.012670590542256832	0.18569927643097986	0.296178376956767
525	0.012	0	0.009132305160164833	0.11914914594002703	0.38275741315911976
527	0.012	0	0.011911436915397644	0.15311381628379492	0.5327284615669122
532	0.012	0	0.011540061794221401	0.15069998766932335	0.6152383602805255
533	0.012	0	0.009910148568451405	0.07873719182260228	0.35105052054601793
534	0.012	0	0.010881711728870869	0.15003381032661484	0.571431448933577
537	0.012	0	0.01003049872815609	0.060274911832663716	0.2388820853658832
544	0.012	0	0.010787556879222393	0.08677814787930267	0.3786433698299925
544	0.012	0	0.013078260235488415	0.00785851493107614	0.03939713406129072
545	0.012	0	0.011126456782221794	0.03759184322985093	0.12490147968282901
546	0.012	0	0.011758260428905487	0.16784616986553572	0.6624466287213016
547	0.012	0	0.012093944475054741	0.10600629672590657	0.43489736508358967
548	0.012	0	0.010840456932783127	0.09050367147443984	0.3949696809816201
549	0.012	0	0.009191326797008514	0.07499168025724012	0.33690347407192484
551	0.012	0	0.01123969815671444	0.43910883756434976	1.086403394388887
552	0.012	0	0.013320242054760456	0.18791292218919564	0.783425673481182
553	0.012	0	0.008882503025233746	0.2281874139269378	0.9004006088273206
554	0.012	0	0.006942080333828926	0.06437744588673906	0.046700812414165224
555	0.012	0	0.0125709418207407	0.16128065079211598	0.6147576979554489
557	0.012	0	0.010291878134012222	0.2574843850749531	0.7320863489306608
557	0.012	0	0.010019882582128048	0.134716400945026	0.6067563170195281
558	0.012	0	0.007824989035725594	0.18625218996355977	0.3981414532340798
559	0.012	0	0.012742152437567711	0.14597681336210747	0.46496777582099474
561	0.012	0	0.013592943549156189	0.6996421148082205	2.6500560122629184
562	0.012	0	0.014571977779269218	0.2317182945824484	0.5400156543323982
563	0.012	0	0.004481158684939146	0.0367296786291501	0.12821617875493882
564	0.012	0	0.010829504579305649	0.1751911166732094	0.5498890191714106
564	0.012	0	0.011790537275373936	0.23771179748719473	0.8361664631659772
565	0.012	0	0.012257625348865986	0.2194191444281442	0.7260683946005545
566	0.012	0	0.008608652278780937	0.040836382256800606	0.23982388397659102
567	0.012	0	0.00908377394080162	0.24818202571239187	1.003164448310886
568	0.012	0	0.008544514887034893	0.050293638502486415	0.23572452859519344
570	0.012	0	0.0072001246735453606	0.3685774327876958	0.8545894151030118
570	0.012	0	0.008253304287791252	0.29070007990383395	1.1381243796869693
571	0.012	0	0.008825847879052162	0.1339251322472686	0.27582946175463763
571	0.012	0	0.010902239941060543	0.3521486065683824	1.3098260213796136
575	0.012	0	0.012430206872522831	0.5007385507392599	1.9469676493449
576	0.012	0	0.011417062021791935	0.5381589813248107	1.529746011239982
576	0.012	0	0.010315570048987865	0.7523339773000783	4.06998832567443
577	0.012	0	0.007883388549089432	0.3738845613536502	1.1314274386023324
577	0.012	0	0.01188188698142767	1.137192290219306	4.979617353935917
578	0.012	0	0.011827157810330391	0.5214930380413917	1.121086624907615
578	0.012	0	0.012752378359436989	1.4281068873499716	5.315551961121454
579	0.012	0	0.009699519723653793	1.0833794163094714	3.447665366080045
580	0.012	0	0.013697757385671139	0.2567161736008911	0.6722493615849352
581	0.012	0	0.010507766157388687	0.31202833181894896	1.0479466750005313
583	0.012	0	0.011595936492085457	0.1277003235746175	0.6389648053770748
584	0.012	0	0.013591364957392216	0.24559433782483167	0.9233045290971319
585	0.012	0	0.011158321984112263	0.18060977534514167	0.629741755722032
586	0.012	0	0.012403507716953754	0.09407842648365461	0.39693029866975316
587	0.012	0	0.008927891962230206	0.08240532212576379	0.21267778047984967
588	0.012	0	0.010365448892116547	0.09325626847767493	0.42926124876961413
590	0.012	0	0.010498899966478348	1.0260498104994376	5.185739169474611
590	0.012	0	0.012225059792399406	0.17840160126341126	0.6581299721146134
591	0.012	0	0.010584480129182339	0.2533043893178243	1.000245908200943
591	0.012	0	0.008533968590199947	0.08751932082318561	0.3878086260699489
593	0.012	0	0.00567915104329586	0.68222274878502	2.466266371652692
597	0.012	0	0.010676327161490917	0.4319948590716591	1.174542258481504
600	0.012	0	0.009936909191310406	0.13105893102265145	0.46328313612113425
601	0.012	0	0.012120885774493217	0.07464891077912375	0.307987752393377
602	0.012	0	0.009647153317928314	0.0645613902339646	0.2198821675511745
603	0.012	0	0.00940838735550642	0.6550023166332853	2.4142917918521105
603	0.012	0	0.010588638484477997	0.04211831877659753	0.2144760129370115
604	0.012	0	0.005055225919932127	0.061615871748157434	0.28586749318819893
605	0.012	0	0.011356864124536514	0.3120110313251329	1.0595787956169593
606	0.012	0	0.010913577862083912	0.18834484362153475	0.6863645992530429
606	0.012	0	0.012473459355533123	0.08024801423362363	0.2819330197782244
607	0.012	0	0.01069546863436699	0.03648787839357043	0.10053173726814749
608	0.012	0	0.005971964448690414	0.0946282865505252	0.38594358057322553
613	0.012	0	0.00986134260892868	0.8393326554330843	3.9807877447946516
616	0.012	0	0.011006386950612068	0.11495444490863599	0.4204335113071816
617	0.012	0	0.014033583924174309	0.3216026088517529	0.580981501309855
619	0.012	0	0.009498219937086105	0.2549028970573402	0.7433473418214729
619	0.012	0	0.007976830936968327	0.06234350476080626	0.2700036714311529
620	0.012	0	0.005816707853227854	0.12922662855643677	0.34987712533254417
626	0.012	0	0.008531368337571621	0.04551459770549825	0.15875981844487944
627	0.012	0	0.007558360695838928	0.6045734520889796	2.811605851938525
629	0.012	0	0.01077415980398655	0.038000978890211826	0.19022171268816285
631	0.012	0	0.012295041233301163	0.1548331709448969	0.4517881777954051
632	0.012	0	0.010563381016254425	0.09641789420309306	0.2952217924375857
635	0.012	0	0.010227993130683899	0.24824838008757055	0.7291112167244586
637	0.012	0	0.010654057376086712	0.5468431046765313	2.690161798383133
638	0.012	0	0.008852273225784302	0.16773345151668445	0.5086132151414156
641	0.012	0	0.014327825047075748	0.3791979654628327	1.690910678569026
641	0.012	0	0.010610444471240044	0.06824035431699316	0.2125822366543429
642	0.012	0	0.01625039428472519	0.3183418939752501	1.3584437086563517
643	0.012	0	0.011312155053019524	0.3903226667427091	1.3336251043503091
644	0.012	0	0.010572648607194424	0.2045772702426302	0.7613630958332209
644	0.012	0	0.014753343537449837	0.07716887711214161	0.24734308109080783
645	0.012	0	0.008451437577605247	0.14388048639356865	0.6170343391062505
646	0.012	0	0.012756970711052418	0.09781653671586547	0.39903187333348983
648	0.012	0	0.006683288142085075	0.2386392666675387	0.9155621704813843
649	0.012	0	0.009943929500877857	0.6870728107992504	1.9731607227018102
650	0.012	0	0.011255268938839436	0.18909206252979052	0.48888443810698173
650	0.012	0	0.003948342986404896	0.09770673385534441	0.43857554385060205
651	0.012	0	0.009535870514810085	0.31884275172575804	0.7943071280277662
651	0.012	0	0.007859468460083008	0.09564184291366304	0.40982413526150685
652	0.012	0	0.008750657550990582	0.08532457756793595	0.38303026630837844
654	0.012	0	0.008849140256643295	0.12664850178207723	0.3737620968261144
655	0.012	0	0.0101857278496027	0.17512199202719514	0.7090291262247922
656	0.012	0	0.01061937864869833	0.044369826760395074	0.2726536030990296
657	0.012	0	0.009649594314396381	0.08235710492843652	0.33753533683167647
659	0.012	0	0.012680208310484886	0.1199687639495062	0.2593686475384514
661	0.012	0	0.0105380704626441	0.16337283510320016	0.6224082437109363
662	0.012	0	0.009088306687772274	0.4527218111792348	1.3045849355817172
663	0.012	0	0.009789385832846165	0.10985126003844667	0.2895451026991355
664	0.012	0	0.010025984607636929	0.10881620170490673	0.7310940338659064
664	0.012	0	0.011655470356345177	0.2726601781830393	1.0705420904753786
668	0.012	0	0.008321641013026237	0.4739072717642654	1.5889916656701042
668	0.012	0	0.009748845361173153	0.06126917892952667	0.23488656453102003
672	0.012	0	0.010790990665555	0.22316700697483438	1.1247587541386468
675	0.012	0	0.010534442961215973	0.23248356067812476	0.7924249895158256
676	0.012	0	0.009098614566028118	0.024573157787939188	0.14386702739284915
677	0.012	0	0.008832641877233982	0.11613589608213713	0.44723305798697854
678	0.012	0	0.009404363110661507	0.058011116303903175	0.2533736772224147
679	0.012	0	0.010748105123639107	0.06632084975226372	0.20064345765571262
685	0.012	0	0.011733806692063808	0.4836985315774845	2.0320195703061876
685	0.012	0	0.010085639543831348	0.1300417602837282	0.4437921143797551
686	0.012	0	0.007393643260002136	0.372222007970739	1.7162660399626661
686	0.012	0	0.012118592858314514	0.05058219382042271	0.2151197758641449
687	0.012	0	0.00865682028234005	0.48402879117853825	2.058259928588013
691	0.012	0	0.011260398663580418	0.05942580005314498	0.18751660879572812
693	0.012	0	0.009508649818599224	0.041052480450227344	0.17040124402311624
694	0.012	0	0.011919227428734303	0.09682811082178497	0.33379399343517985
695	0.012	0	0.01200571097433567	0.020835746415760387	0.03419352802700557
698	0.012	0	0.007227360736578703	0.07034516779374139	0.3602109326886277
703	0.012	0	0.011720078997313976	0.12175851613314953	0.5325402038374961
709	0.012	0	0.01275015901774168	0.026852032609332856	0.14052974587988926
710	0.012	0	0.008511296473443508	0.06191017911219004	0.0844598673859554
711	0.012	0	0.010700544342398643	0.07881037159487747	0.3570046575844164
712	0.012	0	0.008544467389583588	0.07065557204235685	0.2137306833666826
713	0.012	0	0.011551124043762684	0.30268127891295904	1.049305006809703
714	0.012	0	0.014837379567325115	0.05123559239200672	0.07035914802146138
716	0.012	0	0.010698741301894188	0.12395208689116241	0.4585564690486853
717	0.012	0	0.011776524595916271	0.175566705378741	0.6847963966732052
721	0.012	0	0.012652138248085976	0.8950304961220733	3.2749712077263267
722	0.012	0	0.0072723617777228355	0.21161175698925427	0.716030203316779
725	0.012	0	0.007923982106149197	0.14028247240280464	0.5038776958880475
732	0.012	0	0.0051702954806387424	0.052399764856898706	0.19804660922786257
733	0.012	0	0.013192227110266685	0.12126780136331924	0.502544382763896
734	0.012	0	0.00818070862442255	0.05774085490626627	0.18526627523148165
737	0.012	0	0.013855173252522945	0.06266580309652946	0.20431085089766995
742	0.012	0	0.009124808944761753	0.1432232147017475	0.7821908373003056
744	0.012	0	0.00683141965419054	0.31184001441770814	1.3477480857151598
749	0.012	0	0.006960554514080286	0.4563736134722782	2.8276678044011194
750	0.012	0	0.012794815935194492	1.2616707467384076	5.618697320377203
752	0.012	0	0.010957558639347553	0.4160317409213063	1.9286179010787994
753	0.012	0	0.01176235731691122	0.46998899443416403	2.098480208314731
754	0.012	0	0.010122675448656082	0.6662072898341722	2.626677252049083
764	0.012	0	0.010572990402579308	0.5325943058968632	2.0988562578650076
765	0.012	0	0.010767830535769463	0.465585170650134	1.5645747856445629
766	0.012	0	0.013533270917832851	0.3519375787723391	0.9560599713108495
767	0.012	0	0.01137270126491785	0.18711903930192836	0.6400002089705492
779	0.012	0	0.01335507445037365	0.3927424935530594	1.228852254014266
780	0.012	0	0.017501235008239746	0.3048208284559843	1.2676988504611832
782	0.012	0	0.009419749490916729	0.13471590842494305	0.5133843714676937
785	0.012	0	0.010979586280882359	0.396538960373561	2.0052588641917666
786	0.012	0	0.012940850108861923	0.30955576570132237	1.751363078701352
788	0.012	0	0.01301503274589777	0.4794412941307938	2.240342741797484
789	0.012	0	0.010900525376200676	0.14848818306135061	0.3671697324668126
790	0.012	0	0.01220091711729765	0.1089439437900666	0.3747055710657339
793	0.012	0	0.01190237421542406	0.23560373729890927	0.8343799022614466
794	0.012	0	0.013852249830961227	0.4055323150181368	1.0186367513733403
806	0.012	0	0.009511272422969341	0.5299586390765414	1.7571006511305305
807	0.012	0	0.012886444106698036	0.22972148146972504	0.8744868144773129
808	0.012	0	0.007855139672756195	0.11178712740210839	0.5306838784469532
809	0.012	0	0.012797379866242409	0.10653550591204353	0.36949475880841615
810	0.012	0	0.011596414260566235	0.12622275711521413	0.6197294675736361
811	0.012	0	0.011273280717432499	0.10480198802886913	0.505803455192592
813	0.012	0	0.011820849031209946	0.24616994029157366	0.8278049222236653
814	0.012	0	0.013258476741611958	0.20626722102235456	0.7553058261301085
816	0.012	0	0.012090585194528103	0.28205202881690933	0.4789945898764514
817	0.012	0	0.013847487047314644	0.3792192162271636	0.9142081315097331
818	0.012	0	0.011718890629708767	0.4108105547074897	1.3068508725070869
826	0.012	0	0.008695011027157307	0.3473522763058642	1.7815283932558499
828	0.012	0	0.013729474507272243	0.40101125864410164	1.7307732138866272
829	0.012	0	0.008212103508412838	0.3613342995183014	1.4828130728105788
830	0.012	0	0.00900588370859623	0.23080749575895898	0.8951457812088189
833	0.012	0	0.0095797935500741	0.4177952517617285	1.7485562680376505
834	0.012	0	0.012089424766600132	0.4262556379596913	1.5899962355429345
835	0.012	0	0.008455479517579079	0.26867030215053794	0.9017065512381104
837	0.012	0	0.011214910075068474	0.4384849859046926	1.3370665696628397
838	0.012	0	0.01321989856660366	0.39183764148431277	0.9213941129382135
840	0.012	0	0.010543061420321465	0.3107043814578609	1.22724473260678
841	0.012	0	0.012188619934022427	0.4188735824867984	1.117489332267688
843	0.012	0	0.011142265982925892	0.5592531337166565	1.9085828551022794
844	0.012	0	0.006901147775352001	0.36577474885746564	1.1853732042859912
845	0.012	0	0.010404326021671295	0.35619048841069945	1.1147024497733014
846	0.012	0	0.009038212709128857	0.3601699403570114	1.0243913068435675
847	0.012	0	0.012959125451743603	0.28681028239686246	1.2800393574501516
848	0.012	0	0.010231618769466877	0.2969005882572232	1.2807743163095575
850	0.012	0	0.012685677967965603	0.07111174605330917	0.23922969832558058
851	0.012	0	0.011826032772660255	0.13820871335047175	0.3179501249876025
853	0.012	0	0.011544103734195232	0.14275453935007315	0.7652187591702454
854	0.012	0	0.011307447217404842	0.2370534534301693	1.235018215205826
857	0.012	0	0.011520645581185818	0.3598788837314999	1.580693978791475
858	0.012	0	0.012551667168736458	0.7564738461286038	2.727762742583916
859	0.012	0	0.009898588061332703	0.8141265776323029	3.040953246646309
860	0.012	0	0.010574856773018837	0.526411148375191	2.1158044311575614
861	0.012	0	0.011080717667937279	0.24247649820369682	1.4039060521153597
864	0.012	0	0.011159147135913372	0.19526557789034021	0.48142354104905766
866	0.012	0	0.01072196289896965	0.22323835468909273	1.0848304348574418
867	0.012	0	0.014482416212558746	0.6351904574472297	2.4583757687145433
868	0.012	0	0.010528790764510632	0.45816764397900545	1.9815191682556879
869	0.012	0	0.007453409023582935	0.2851474072361995	1.676246486805202
870	0.012	0	0.009312049485743046	0.29618350255902814	1.3936128435017594
871	0.012	0	0.010450770147144794	0.4261614960745534	1.6449230496499831
874	0.012	0	0.010515919886529446	0.4563119069999532	1.9434802723356832
874	0.012	0	0.011369233950972557	0.1701702365746937	1.0027071040688313
875	0.012	0	0.009216888807713985	0.905494342616001	2.1182618752897056
875	0.012	0	0.011421420611441135	0.2643485448515844	1.3072112093973878
876	0.012	0	0.006878421641886234	0.14630647629151877	0.360901942014522
877	0.012	0	0.00897452887147665	0.5273396036723161	1.453710649692545
878	0.012	0	0.006664598826318979	0.13888901061610098	0.6148525895220219
878	0.012	0	0.012394743971526623	0.302637727242881	1.4366524844621964
879	0.012	0	0.009956754744052887	0.4106398684208245	1.5257263853939587
879	0.012	0	0.01230692956596613	0.27380783848301093	1.1653874771852977
880	0.012	0	0.010425069369375706	0.17887212175914277	0.7816960187030498
880	0.012	0	0.007087655831128359	0.39112982767168836	1.2541333605883709
883	0.012	0	0.012151543982326984	0.3410025508665788	1.4595092611565577
884	0.012	0	0.007011481560766697	0.1404573140875529	0.6651052103418197
884	0.012	0	0.021144291386008263	0.7361660627359947	2.843687303740319
885	0.012	0	0.00950197409838438	0.8183025661040411	2.8073479958145175
886	0.012	0	0.010798872448503971	0.7774066106902181	3.0670419292475257
889	0.012	0	0.004953424911946058	0.29096261648502736	1.2032004738451427
889	0.012	0	0.004636057186871767	0.2566228643200852	0.9205294620715221
891	0.012	0	0.011200283654034138	0.15203870184004328	0.3923020927497592
892	0.012	0	0.056833796203136444	0.4089502202867198	1.957578956417567
893	0.012	0	0.01105466578155756	0.39126258572821404	1.2030065326544523
893	0.012	0	0.010704103857278824	0.6783668785120094	2.58165649137707
894	0.012	0	0.009442956186830997	1.0072825018266545	3.7368629233850337
897	0.012	0	0.005339982453733683	0.26686656175195533	1.0022968411814388
899	0.012	0	0.006799228023737669	0.30952716139344727	1.127364754853666
900	0.012	0	0.0036809344310313463	0.1195185556267503	0.3036634507462736
905	0.012	0	0.01178951095789671	0.3899120235675063	1.0464253657248477
905	0.012	0	0.010183936916291714	0.5895080557076791	2.354750018555237
906	0.012	0	0.012974138371646404	0.15262558642013627	0.3164433941388522
912	0.012	0	0.010226251557469368	0.5146227851465068	2.370523258106193
914	0.012	0	0.005514909978955984	0.4741065673399095	1.362476419522579
917	0.012	0	0.013664699159562588	0.17723704846263003	0.7100861317149877
919	0.012	0	0.014464296400547028	0.42631429747827015	1.289461785615334
924	0.012	0	0.00432323943823576	0.28949181437860716	1.1880374748388307
927	0.012	0	0.004963845945894718	0.17249871889664536	0.7053442047761285
939	0.012	0	0.01312534511089325	0.1996066778207103	0.7707785019832091
940	0.012	0	0.005954831372946501	0.19198438135885756	0.7277272275211576
941	0.012	0	0.008449690416455269	0.18868592257753752	0.5183156834923394
946	0.012	0	0.013002914376556873	0.21467744814399134	0.6447617170248526
947	0.012	0	0.010435069911181927	0.23587945222253778	0.6584322494405248
948	0.012	0	0.01483089104294777	0.20077638336086392	0.553682910553215
955	0.012	0	0.013885251246392727	0.19284178421840575	0.6608307535965923
958	0.012	0	0.011632036417722702	0.1897494406992788	0.8066048263861066
959	0.012	0	0.010775400325655937	0.1238540696758554	0.5111119034860211
960	0.012	0	0.010107085108757019	0.1571115372535346	0.4156617362985856
961	0.012	0	0.012703463435173035	0.1785871255375477	0.3671920740090768
967	0.012	0	0.010201815515756607	0.17067064272561278	0.7481213004598019
968	0.012	0	0.008194622583687305	0.3100944242496235	0.6346879069944974
969	0.012	0	0.012113763019442558	0.31133835612815186	1.5989593370340824
970	0.012	0	0.010942532680928707	1.0746596290048653	3.930429486214887
971	0.012	0	0.008806395344436169	0.6443245259257075	2.594907131198368
977	0.012	0	0.008971690200269222	0.29816213682776566	0.9101620277360385
977	0.012	0	0.009594610892236233	0.25862165078339056	0.8430033867194338
978	0.012	0	0.011628787033259869	0.14479398913359787	0.6847137637671012
979	0.012	0	0.011948934756219387	0.17083145294841154	0.8159695461115225
981	0.012	0	0.0084927873685956	0.327249277415063	1.2924287520501294
985	0.012	0	0.012348305433988571	0.20752487809144946	0.6250807311765368
986	0.012	0	0.009729706682264805	0.40040472022664936	2.002194886231253
987	0.012	0	0.009678566828370094	0.7467904390780786	3.06757415841211
989	0.012	0	0.013608892448246479	0.32363831683999394	1.2380759085596214
991	0.012	0	0.005700548645108938	0.23248252458718927	0.8110394806546165
993	0.012	0	0.01306409202516079	0.21739544298092334	0.8519035053118523
993	0.012	0	0.012724033556878567	0.2799926648095077	0.7832836890972436
994	0.012	0	0.0077981483191251755	0.45767197035435964	1.5931616599165108
994	0.012	0	0.00997839868068695	0.1526702559688901	0.7314135489545192
995	0.012	0	0.012493866495788097	0.22558751557415127	0.8575975480517335
995	0.012	0	0.011468127369880676	0.1877191428413695	0.8419214625702207
996	0.012	0	0.009206215851008892	0.35836543247807634	1.3728229910940264
997	0.012	0	0.013088060542941093	0.32608821862197734	1.305592588559793
998	0.012	0	0.011166132055222988	0.2982909162392585	1.323747934406263
1001	0.012	0	0.009932877495884895	0.7815184137076541	2.7678073032232327
1001	0.012	0	0.007561652921140194	0.1836904345267009	0.3945799279071809
1002	0.012	0	0.012998940423130989	0.26119897414755927	1.4279357558628332
1002	0.012	0	0.013523837551474571	0.168568766837232	0.5744862244845219
1003	0.012	0	0.012889684177935123	0.34607278148894977	1.983068205147722
1003	0.012	0	0.010438450612127781	0.20897163975334687	0.8825577478699678
1005	0.012	0	0.008776809088885784	0.8986990148541355	3.745078276908951
1008	0.012	0	0.011919835582375526	0.1502645896986716	0.547079596743223
1008	0.012	0	0.010286941193044186	0.2876349704573998	0.4402373387625717
1010	0.012	0	0.01396088395267725	0.5493543105612722	2.395615315241095
1011	0.012	0	0.011659324169158936	0.2556400926185803	1.6078695182009233
1012	0.012	0	0.011613919399678707	0.4618271738396271	2.608242107281025
1014	0.012	0	0.006430161185562611	1.0432084553530976	4.333056798242363
1014	0.012	0	0.011355591006577015	0.20582245138277303	0.6232405362169541
1015	0.012	0	0.012423460371792316	0.17811960733493143	0.47117954999006084
1016	0.012	0	0.007670620456337929	0.17796807455678362	0.5932003075865869
1017	0.012	0	0.0075785270892083645	0.2929652032258972	1.1244984027092457
1019	0.012	0	0.00913165882229805	0.2128134094708549	0.4376631097994434
1020	0.012	0	0.010373815894126892	0.21262686234405445	0.5996269948775194
1021	0.012	0	0.009430961683392525	0.3247353728117566	1.0723695333597878
1022	0.012	0	0.00772177753970027	0.06323061203927138	0.14484880981221718
1023	0.012	0	0.010042876936495304	0.4393107775274649	1.3677130623215625
1023	0.012	0	0.011129116639494896	0.10266416020211068	0.45191583626080195
1024	0.012	0	0.013414347544312477	0.4734570442283991	1.3740012226331775
1024	0.012	0	0.010848237201571465	0.10516373997397832	0.4929623254942747
1025	0.012	0	0.013835939578711987	0.047443153047405255	0.23768668818685806
1026	0.012	0	0.010408472269773483	0.36096319686999884	1.4280738381460747
1026	0.012	0	0.008091037161648273	0.13057651128900533	0.5497718678952793
1027	0.012	0	0.010593255050480366	0.2715919349806954	1.1087667580896032
1028	0.012	0	0.009428951889276505	0.6038194135470881	2.3665337483687683
1029	0.012	0	0.010267497971653938	0.22446386451945247	0.7863429681447922
1030	0.012	0	0.01422941405326128	0.23789654251661455	0.882029078373648
1032	0.012	0	0.009175121784210205	0.20758229197416714	0.6646111881146528
1033	0.012	0	0.012722115032374859	0.0957189393384217	0.3723899870376572
1033	0.012	0	0.012595589272677898	0.065755114498821	0.30556813604493444
1034	0.012	0	0.016230562701821327	0.7346292784229036	1.9394324664776823
1035	0.012	0	0.010250267572700977	0.1539330681332771	0.5973355544465283
1036	0.012	0	0.008572458289563656	0.3728453381620375	0.997890617450045
1037	0.012	0	0.00825200043618679	0.1861043040090553	0.3957113561984409
1038	0.012	0	0.008554121479392052	0.13618767195696677	0.425524402934541
1040	0.012	0	0.01350681483745575	0.24438063545101268	0.7132801179932414
1040	0.012	0	0.009185652248561382	0.20045984328821773	0.6884173132021397
1041	0.012	0	0.012617170810699463	0.3275778507010444	1.0540696768291524
1042	0.012	0	0.01326504535973072	0.31777133910691074	0.9841788056050134
1043	0.012	0	0.01175192091614008	0.43073869032737083	1.1638916189014785
1045	0.012	0	0.008446909487247467	0.09161363409824459	0.3779789754814653
1046	0.012	0	0.008698194287717342	0.12273901992604885	0.46095940191453716
1047	0.012	0	0.01039864495396614	0.08738029433861698	0.142729089413102
1048	0.012	0	0.011993207968771458	0.12131521442964074	0.5402254422161354
1050	0.012	0	0.012369705364108086	0.09346676295983995	0.20320715408681067
1051	0.012	0	0.010828020051121712	0.1131279446164427	0.1678275765722619
1052	0.012	0	0.009035115130245686	0.14700918614734354	0.4053198667288703
1055	0.012	0	0.0135371508076787	0.2998807813076162	1.327733112691211
1055	0.012	0	0.006890201009809971	0.1757066784617425	0.6762202946503869
1056	0.012	0	0.011180243454873562	0.3908944492354145	1.2409696627566458
1056	0.012	0	0.010764720849692822	0.1253884909681458	0.4841446983360889
1057	0.012	0	0.010759460739791393	0.20222313264040462	0.7947577334861776
1058	0.012	0	0.010035224258899689	0.44220236862765316	2.156140086069562
1058	0.012	0	0.011426114477217197	0.07642408481556122	0.3436754506221649
1061	0.012	0	0.014596959576010704	1.0266584398243848	4.115128494379633
1062	0.012	0	0.008713058196008205	0.37462370940453527	0.9196415074522742
1062	0.012	0	0.01031506434082985	0.10280806116033281	0.46156831117482827
1065	0.012	0	0.010157817043364048	0.5287817796824255	1.3665396594585002
1068	0.012	0	0.011476860381662846	0.16017954107581234	0.6749265861870268
1069	0.012	0	0.01122672576457262	0.24638010692160758	0.9809797190250716
1070	0.012	0	0.009444128721952438	0.1319380607235044	0.6522341881441469
1071	0.012	0	0.005954306572675705	0.10690838394653858	0.5134403412033263
1072	0.012	0	0.007320854812860489	0.14142662746176993	0.7012938120954659
1073	0.012	0	0.008000903762876987	0.20808470700302104	0.9221635137745549
1075	0.012	0	0.011254715733230114	0.33844405761457647	1.342980513370363
1076	0.012	0	0.00878171157091856	0.2937607699265855	1.162825846578378
1083	0.012	0	0.014185830019414425	0.14640211872712372	0.5721893318256476
1085	0.012	0	0.010704156011343002	0.10904405309344474	0.2542491507886664
1086	0.012	0	0.009618649259209633	0.11215131449393931	0.38541301587448024
1088	0.012	0	0.009338749572634697	0.025112860673412833	0.08360282569404012
1089	0.012	0	0.013632495887577534	0.02750626532868116	0.0680785268990183
1091	0.012	0	0.010158548131585121	0.04199842432877213	0.19666464257974273
1093	0.012	0	0.011506232433021069	0.16707339124057247	0.6171600994315227
1094	0.012	0	0.0084929084405303	0.21973003980818812	0.7547744415457638
1095	0.012	0	0.00592414615675807	0.28022476708177785	0.9878554979233
1097	0.012	0	0.00960779469460249	0.10004311644032535	0.09215552331875003
1097	0.012	0	0.01213655062019825	0.052090912140596156	0.16114200401365825
1098	0.012	0	0.010648055002093315	0.5905201073156062	2.137416676615056
1099	0.012	0	0.009218248538672924	0.6476106314889767	2.1931153768801535
1099	0.012	0	0.01064902450889349	0.047773161146223354	0.16288220254483005
1100	0.012	0	0.014291826635599136	0.4607831496077168	1.5962812889382179
1100	0.012	0	0.010192648507654667	0.02945299202167901	0.0673666657123195
1101	0.012	0	0.009834167547523975	0.026596192732622776	0.09667585887996985
1104	0.012	0	0.010852763429284096	1.2101703555995793	4.453815754882313
1106	0.012	0	0.013457887805998325	0.35465836990063293	1.1851718230656478
1109	0.012	0	0.007280378136783838	0.2766760511358629	1.3111906506583069
1111	0.012	0	0.01172048132866621	0.2749227057170883	1.2579914375815706
1115	0.012	0	0.010569344274699688	0.29172589830011575	0.8453956665597046
1116	0.012	0	0.01008573081344366	0.20725361794946454	0.7786261635885993
1118	0.012	0	0.012145115993916988	0.08356311105289237	0.3417484413366684
1119	0.012	0	0.010515956208109856	0.46564905415032054	1.8629997131267784
1120	0.012	0	0.008743872866034508	0.6085071471858519	2.0987504837717674
1121	0.012	0	0.013140140101313591	0.3744304342760972	1.5401603959430674
1122	0.012	0	0.012682662345468998	0.5095223167694087	1.8821014129141327
1123	0.012	0	0.011134425178170204	0.3075269315242327	1.8247503188485852
1124	0.012	0	0.00841141864657402	0.45538379451419286	1.8925370212885149
1126	0.012	0	0.009205911308526993	0.20708086718941712	0.8909969904611906
1127	0.012	0	0.010553287342190742	0.149620694025374	0.28332219173553264
1129	0.012	0	0.006849007681012154	0.157464425379648	0.20211758532381938
1130	0.012	0	0.01140053290873766	0.23149708399906346	0.7635671237152799
1131	0.012	0	0.013362962752580643	0.6091788388217053	1.7935164087782032
1132	0.012	0	0.006575229577720165	0.8849001067412464	2.347942436096621
1132	0.012	0	0.010547604411840439	0.0795711729119474	0.1936795125655798
1133	0.012	0	0.009809824638068676	0.44060223378905844	1.4865688936421444
1134	0.012	0	0.008383178152143955	0.367327801749454	0.9924481358655857
1134	0.012	0	0.013032766990363598	0.12698929776713505	0.40018422672218074
1135	0.012	0	0.008598512969911098	0.45659510052078645	1.5124085322696503
1136	0.012	0	0.006264070048928261	0.48141728992186344	1.5365681685467147
1140	0.012	0	0.012595156207680702	0.031174808299444603	0.08887530867548181
1142	0.012	0	0.007402285933494568	0.17500147384342862	0.510216683455228
1144	0.012	0	0.011261282488703728	0.3957700689225622	1.4521197018341419
1146	0.012	0	0.010732565075159073	0.17653027298995239	0.38984310866934835
1151	0.012	0	0.006797005422413349	0.37609569077533034	1.4564990186019209
1153	0.012	0	0.009478455409407616	0.08202012905087482	0.390375948193084
1158	0.012	0	0.008416441269218922	0.3955786994026952	1.420042674418495
1161	0.012	0	0.013076911680400372	0.2937351085462557	1.4210252124104241
1162	0.012	0	0.010052639059722424	0.2920143209672949	1.445967024021253
1165	0.012	0	0.008478675037622452	0.34343933514488195	1.3695525522206138
1168	0.012	0	0.010533276945352554	0.19316803251060044	0.8135775595821965
1169	0.012	0	0.01143775973469019	0.40708354095210725	1.522071912504602
1173	0.012	0	0.008416536264121532	0.30325178060404845	0.9108201502183354
1174	0.012	0	0.01454565953463316	0.2284257438032061	1.0266383280640283
1177	0.012	0	0.007438254542648792	0.30306641196988326	1.1670802562265274
1180	0.012	0	0.01314001064747572	0.08116376482416605	0.22461613922386547
1181	0.012	0	0.00810318160802126	0.10920563111839554	0.6042177573996459
1198	0.012	0	0.010548871010541916	0.2483723406711439	0.7443520409883629
1199	0.012	0	0.01096823625266552	0.21531529196186852	0.6852664095551233
1200	0.012	0	0.010906152427196503	0.09529045506958814	0.7389808110534115
1201	0.012	0	0.010909470729529858	0.2411671342801204	1.4663109481235506
1207	0.012	0	0.008735818788409233	0.2815167625323398	0.9986718438760284
1208	0.012	0	0.011172857135534286	0.09290953885329112	0.3717222994256427
1209	0.012	0	0.012587840668857098	0.11384044956347872	0.35430537971478726
1210	0.012	0	0.011186501011252403	0.20627377412480324	0.5965976809596308
1211	0.012	0	0.008396646939218044	0.09643204367922632	0.27333825610753193
1218	0.012	0	0.011005579493939877	0.24495392557357187	1.0624544004653063
1223	0.012	0	0.01735495589673519	0.32207076126598866	0.9171511219087678
1225	0.012	0	0.008378288708627224	0.35950345681170004	1.5668201581238466
1234	0.012	0	0.01180232036858797	0.08008558479670763	0.23066232366134998
1235	0.012	0	0.00805483665317297	0.12232240695695194	0.4018481220838725
1236	0.012	0	0.011952678672969341	0.13346174989114828	0.7318775982303353
1237	0.012	0	0.009724501520395279	0.3598892152516664	1.7412988801760723
1242	0.012	0	0.008900979533791542	0.26249228567226357	0.7402310077913027
1247	0.012	0	0.010597527027130127	0.2734325499525886	1.5915117471115392
1253	0.012	0	0.00985548086464405	0.4620762000321833	1.527293592833956
1264	0.012	0	0.009796306490898132	0.3654397103661261	1.631958568843606
1265	0.012	0	0.013569504953920841	0.4966153507816301	1.933352139984001
1266	0.012	0	0.009929868392646313	0.45069303749634837	1.5934699492119053
1267	0.012	0	0.007286862004548311	0.4534604779185213	1.1564225775083112
1268	0.012	0	0.013513508252799511	0.18718482460029656	0.6514040654702226
1269	0.012	0	0.009544292464852333	0.5102519758385085	2.1369900800347192
1270	0.012	0	0.011682185344398022	0.5718589545648813	2.3319640787561675
1271	0.012	0	0.008015965111553669	0.1987637420921896	0.9465678152268184
1272	0.012	0	0.009496757760643959	0.3343529743055891	1.5284376725386057
1286	0.012	0	0.013970830477774143	0.707381616014607	3.204070427563209
1294	0.012	0	0.010635958053171635	0.1514500976464912	0.9221311099596095
1307	0.012	0	0.011187812313437462	0.19339498343740846	0.6698813699935652
1313	0.012	0	0.011350326240062714	0.5391520295364497	1.5789147275222168
1316	0.012	0	0.01252575684338808	0.3574247817133062	1.4012270902065818
1318	0.012	0	0.009161754511296749	0.31962776376896596	1.3429091350199773
1337	0.012	0	0.01101263053715229	0.15877879066805628	0.4314421379530486
1338	0.012	0	0.012742877006530762	0.20749703264049252	1.0182494368728576
1340	0.012	0	0.009843322448432446	0.8327163514934638	2.9669639891587165
1350	0.012	0	0.005511704366654158	0.2783799705034532	1.0383051779416266
1351	0.012	0	0.01254342496395111	0.17597171442655238	0.7282820557193379
1353	0.012	0	0.010287479497492313	0.31337551539590996	0.9618342519225082
1362	0.012	0	0.012944298796355724	0.19447727617693816	0.6296914061438476
1367	0.012	0	0.014537302777171135	0.0709082913447898	0.05757994170890579
1375	0.012	0	0.01049898099154234	0.11994266409484529	0.2606230359521532
1376	0.012	0	0.01049729622900486	0.194665765706961	0.5530054251345347
1378	0.012	0	0.01030503399670124	0.17196861949702338	0.9666114771771888
1381	0.012	0	0.008066229522228241	0.20690602181093667	0.845632945757921
1383	0.012	0	0.010543503798544407	0.3586246098382596	1.1877241454547063
1388	0.012	0	0.013390516862273216	0.18398956218414467	0.7335961784732344
1389	0.012	0	0.012998602353036404	0.5074862516710145	1.9078443782704444
1390	0.012	0	0.013211816549301147	0.5904086865386763	2.1718164931904687
1391	0.012	0	0.012575317174196243	0.23256628539370328	1.0562135200552296
1393	0.012	0	0.01121024414896965	0.44101726323518226	1.4957313911643424
1398	0.012	0	0.009759862907230854	0.19644798942080272	1.0040746822846365
1399	0.012	0	0.006779305171221495	0.31192891847816007	1.246480493716857
1400	0.012	0	0.011791257187724113	0.4921348772661536	1.9103088655883484
1401	0.012	0	0.008338741026818752	0.5295007362094664	2.2437427253423543
1404	0.012	0	0.013912354595959187	0.861372500922437	3.559348635630478
1405	0.012	0	0.009058221243321896	0.45211198246743883	1.6939046408552985
1411	0.012	0	0.007857674732804298	0.5365990472710778	2.325641284388559
1412	0.012	0	0.00945404265075922	0.2965993266445099	1.2485538645023442
1413	0.012	0	0.008826215751469135	0.21365255103675912	1.0414738146303097
1414	0.012	0	0.009846270084381104	0.3030740013168896	1.1681463640447016
1417	0.012	0	0.008289741352200508	0.48977939805582016	1.6382713373055258
1418	0.012	0	0.010945438407361507	0.32129585246019393	1.290408197875779
1419	0.012	0	0.011990922503173351	0.14644057646609607	0.8126730476516679
1421	0.012	0	0.01050970796495676	0.37994496496558045	1.687126723140721
1422	0.012	0	0.010864654555916786	0.19515610677779552	0.7923236738948698
1423	0.012	0	0.010754347778856754	0.1275205860182322	0.6158770553128867
1425	0.012	0	0.014601058326661587	0.3134531699991558	1.0430761034600173
1433	0.012	0	0.007041530683636665	0.058448892912245996	0.06339128467167236
1445	0.012	0	0.014505406841635704	0.2552933519630446	0.5496287743960159
1447	0.012	0	0.011836124584078789	0.25079394351159123	0.5124790216603959
1448	0.012	0	0.008963821455836296	0.31226250231874403	1.32797568727386
1449	0.012	0	0.011957041919231415	0.44959249297423265	1.91014007424408
1450	0.012	0	0.014438259415328503	0.5094805457654148	1.685119788173953
1452	0.012	0	0.009778641164302826	0.23472908576260268	0.903612209984424
1453	0.012	0	0.010408727452158928	0.15975131855237812	0.4814909149597061
1455	0.012	0	0.01092363428324461	0.16088148227890686	0.7726907567596527
1456	0.012	0	0.011377878487110138	0.4141756818482873	1.5062364656759926
1458	0.012	0	0.01008742954581976	0.18318478389157622	0.6740366608339491
1459	0.012	0	0.00915808416903019	0.26491490144698004	1.005141761198754
1462	0.012	0	0.00880255363881588	0.45934313923947007	1.8071123597173866
1469	0.012	0	0.013304575346410275	0.47446254245683794	1.0310238951088913
1470	0.012	0	0.007493616081774235	0.712712926509968	3.24486028494744
1471	0.012	0	0.009053236804902554	0.404349356698366	0.9544334528754693
1478	0.012	0	0.009098537266254425	0.2735673031850926	0.969323833839089
1479	0.012	0	0.00715390732511878	0.5666194858645545	2.2394737796618007
1480	0.012	0	0.01132755633443594	0.485440432502513	1.7008185406866752
1482	0.012	0	0.011788621544837952	0.08647848475665018	0.4455579474218775
1486	0.012	0	0.012376698665320873	0.2525053724243449	0.6720972271088851
1487	0.012	0	0.010218556970357895	0.10501352236251928	0.5203140999251655
1488	0.012	0	0.008189840242266655	0.18702666646968674	1.144238892911128
1489	0.012	0	0.012452209368348122	0.07072137050346229	0.08719678397669514
1490	0.012	0	0.007584522478282452	0.28083987812713035	0.928445911950582
1492	0.012	0	0.008673038333654404	0.07222335693604723	0.27880029462837547
1496	0.012	0	0.01385524496436119	0.3334722855763381	1.8171622171410058
1497	0.012	0	0.008505201898515224	0.3331618152899739	1.8313240221395914
1498	0.012	0	0.00736227398738265	0.7144141576710639	2.8235381424920476
1505	0.012	0	0.008303845301270485	0.04068820764149939	0.030374232894096624
1506	0.012	0	0.009254595264792442	0.0656644037627498	0.26094644984671556
1508	0.012	0	0.009380034171044827	0.11122163284145982	0.4462431479186137
1509	0.012	0	0.007195678073912859	0.06666039563961759	0.2807206719337276
1510	0.012	0	0.013610703870654106	0.030315409799336314	0.06062361310379826
1514	0.012	0	0.013977316208183765	0.12691735073616903	0.4315221616623626
1516	0.012	0	0.014102775603532791	0.10110512930563445	0.3437440732147763
1519	0.012	0	0.010610128752887249	0.2053704502344848	0.7310222194864578
1520	0.012	0	0.008317793719470501	0.15703713695861662	0.494206068418299
1521	0.012	0	0.01066194660961628	0.24393461893397203	0.8761275730593607
1526	0.012	0	0.011460967361927032	0.03137845397508464	0.1376145591891334
1528	0.012	0	0.012007446959614754	0.0445468990382983	0.20512411492544622
1531	0.012	0	0.008054575882852077	0.1428713867077235	0.6067505243645064
1532	0.012	0	0.011941571719944477	0.08515197131502142	0.2672820646151473
1533	0.012	0	0.00936669297516346	0.30148714108261454	1.2095323644986966
1535	0.012	0	0.01212338637560606	0.3258507877545404	1.1523497142546462
1541	0.012	0	0.00978995580226183	0.13625775210486354	0.41156399605093424
1545	0.012	0	0.01001605112105608	0.18714031833301176	0.43262192828230805
1546	0.012	0	0.011053350754082203	0.08652690400887993	0.4485042923051803
1547	0.012	0	0.010422266088426113	0.45993384808742366	1.785226658803213
1548	0.012	0	0.005102146416902542	0.2587634445064807	0.8831443483203656
1554	0.012	0	0.012761943973600864	0.2023044559323295	1.0290532306809377
1555	0.012	0	0.006141258869320154	0.15523542509940377	0.7677874177147486
1562	0.012	0	0.007703929673880339	0.04725631329299488	0.12188908227390091
1563	0.012	0	0.007739233318716288	0.09389757910619106	0.30065663869119724
1564	0.012	0	0.007168990559875965	0.11063013896301323	0.4951839116863179
1565	0.012	0	0.01039432268589735	0.18993615506298514	0.48677531861441137
1566	0.012	0	0.01246512308716774	0.25611205406062765	0.461527794681409
1568	0.012	0	0.011651726439595222	0.11288350638085284	0.1664406885389995
1569	0.012	0	0.01060690451413393	0.12433693525614561	0.7374566286369932
1570	0.012	0	0.011038891039788723	0.22846541404894147	1.1097817545771198
1571	0.012	0	0.012339775450527668	0.3353338817096591	1.031538640360498
1572	0.012	0	0.014164975844323635	0.2446677869902302	1.0477621582415821
1573	0.012	0	0.00819653831422329	0.575474153613898	1.8980770813198242
1576	0.012	0	0.01272655837237835	0.4036694142292851	1.2367269870914053
1581	0.012	0	0.012623351067304611	0.20763755854609622	0.7340653716862525
1587	0.012	0	0.004927573259919882	0.5801895191177266	2.072502450637582
1590	0.012	0	0.011713146232068539	0.2533114826444248	1.0482844765541564
1595	0.012	0	0.013983229175209999	0.093997030837674	0.35358620094974613
1606	0.012	0	0.006213955581188202	0.38659472787986293	1.5157162081501445
1607	0.012	0	0.013578662648797035	0.23393798364387677	0.9184623370425411
1608	0.012	0	0.01029875222593546	0.34568840704177956	1.6976201749332636
1609	0.012	0	0.00993398018181324	0.4777995393309922	2.486666582048993
1610	0.012	0	0.009503076784312725	0.6938453364827043	3.352665909165955
1611	0.012	0	0.01320959348231554	0.733549126745555	3.445291983403548
1612	0.012	0	0.009381731040775776	0.3872606939838911	1.910241589785301
1613	0.012	0	0.01113542914390564	0.3140777438875376	1.401579850643248
1614	0.012	0	0.009153527207672596	0.3343031543152735	1.2264234430067016
1615	0.012	0	0.011551783420145512	0.5056236918124042	2.0633587607573567
1616	0.012	0	0.014374270103871822	0.51260138457148	1.9644896973289339
1617	0.012	0	0.007307042367756367	0.42077742808874724	1.4977380380694323
1619	0.012	0	0.007964830845594406	0.134152564072873	0.39855365767471734
1620	0.012	0	0.007634696085005999	0.22172970293306424	0.52221780951909
1621	0.012	0	0.01489177718758583	0.672724354536716	2.819519491581134
1622	0.012	0	0.011735980398952961	1.01930412882702	3.5812188929462168
1623	0.012	0	0.012211306020617485	0.40905326815784754	1.7568412395021884
1625	0.012	0	0.010058539919555187	0.25072900941000675	0.7603724232316653
1626	0.012	0	0.011175836436450481	0.21640283193539953	0.7525318304490274
1628	0.012	0	0.007450175005942583	0.3212021805419199	1.6226143948890301
1629	0.012	0	0.010161730460822582	1.0307034669022186	4.16702764442027
1630	0.012	0	0.018062610179185867	0.5465556385138047	2.2835538483532862
1633	0.012	0	0.012705965898931026	0.19683741370493216	0.4868839566915563
1637	0.012	0	0.012529783882200718	0.31040164706632745	1.504617611777425
1640	0.012	0	0.010594787076115608	0.26594421603606877	0.8462044257778782
1641	0.012	0	0.0061391000635921955	0.2841699129495124	1.1169021604897929
1645	0.012	0	0.009751702658832073	0.3620785351335452	1.8577810218541713
1647	0.012	0	0.011042955331504345	0.19202320520307894	1.0433017556962523
1650	0.012	0	0.010086830705404282	0.06578047162922568	0.3082043539242652
1651	0.012	0	0.012227668426930904	0.15535275950373229	0.6746776001809918
1655	0.012	0	0.012081701308488846	0.18209200290005056	1.2246366714709385
1656	0.012	0	0.006180844269692898	0.2046485145871746	0.8219927619432962
1658	0.012	0	0.009058313444256783	0.17561684075312162	0.5411575729432435
1663	0.012	0	0.00843666773289442	0.6636869450023766	2.2728578418480643
1664	0.012	0	0.012514372356235981	0.42794945045320726	1.4200554565603982
1665	0.012	0	0.008581957779824734	0.2233559894855938	0.8485063373258558
1673	0.012	0	0.010669797658920288	0.325956599066353	1.0760074796586625
1678	0.012	0	0.006391385570168495	0.6253537069129204	2.8194098400668306
1681	0.012	0	0.007858864963054657	0.23569135350134052	1.1031000186037385
1682	0.012	0	0.008289341814815998	0.23187219586719188	1.031236098192284
1689	0.012	0	0.010333077982068062	0.23349993653490766	1.0492957684033863
1696	0.012	0	0.009882733225822449	0.0917416400649006	0.32016188219819586
1699	0.012	0	0.011274956166744232	0.14078716304094785	0.48441504165565685
1700	0.012	0	0.012578466907143593	0.23969282160344657	0.8496513179982611
1705	0.012	0	0.004169780295342207	0.17236572091861926	0.6930205970493165
1706	0.012	0	0.011884780600667	0.20011605852092337	0.7847193650653568
1709	0.012	0	0.012781823053956032	0.10303160428904345	0.3452666264149009
1714	0.012	0	0.010008837096393108	0.178207471628161	0.7004077708637245
1719	0.012	0	0.012916062027215958	0.24346369353531835	1.0240570713213164
1729	0.012	0	0.011331193149089813	0.1294552702739215	0.4342053020914084
1731	0.012	0	0.012279779650270939	0.2405384895661091	0.8295152575425705
1732	0.012	0	0.011699606664478779	0.05598880636759437	0.12372436563281851
1733	0.012	0	0.010638975538313389	0.10396427442484295	0.5396051003376114
1743	0.012	0	0.014673708938062191	0.10156878025532907	0.30794027000176966
1744	0.012	0	0.011517527513206005	0.17744985866761578	0.4972249843724236
1751	0.012	0	0.00955996010452509	0.07519023250386551	0.2969571118504417
1752	0.012	0	0.007830927148461342	0.15929091051082242	0.4940312163983381
1760	0.012	0	0.008409960195422173	0.10247245059088639	0.27121366412643133
1761	0.012	0	0.008027669042348862	0.09191969691707128	0.22059491984926038
1763	0.012	0	0.006147014908492565	0.28456331832266113	1.224748338860497
1764	0.012	0	0.010126662440598011	0.24650991291754024	0.9773042831767937
1765	0.012	0	0.013498635031282902	0.09351248396438082	0.4163961733212902
