scene_id	sigma	col	noise_norm	ade	fde
0	0.009	0	0.006024091970175505	0.14245532798345145	0.5390313074259733
1	0.009	0	0.008106670342385769	0.16069487837009674	0.6645356319670647
2	0.009	0	0.007951746694743633	0.18501634193181674	0.6935066918162891
3	0.009	0	0.005997918080538511	0.26081103579567144	0.9951178894282774
3	0.009	0	0.007501411717385054	0.15866207842766203	0.5456429632106364
4	0.009	0	0.007186871953308582	0.642575775854705	1.5894434509822153
4	0.009	0	0.007407027296721935	0.1494474704443489	0.4104767410854316
5	0.009	0	0.004499935545027256	0.25262610127992113	0.94937646008274
5	0.009	0	0.006545935291796923	0.27807740538322623	0.4451712426713562
5	0.009	0	0.006725681480020285	0.2246625639250792	0.898287869117255
6	0.009	0	0.007271783892065287	0.09183100930774692	0.21115378931113832
6	0.009	0	0.009313177317380905	0.8057316257641072	2.767430822213722
6	0.009	0	0.0061172679997980595	0.1788444033513787	0.7851580787010122
7	0.009	0	0.008258887566626072	0.6126114701486893	1.6498627000742379
8	0.009	0	0.007893978618085384	0.23239770573228208	0.9410345450778262
8	0.009	0	0.007212939206510782	0.7719485666014644	2.4659559540253273
9	0.009	0	0.009481246583163738	0.22632158715069156	0.8096156122833483
9	0.009	0	0.0065407524816691875	0.2340155742619029	0.7390596171850086
10	0.009	0	0.0071786269545555115	0.16553439058210934	0.6847505356598563
10	0.009	0	0.006987469736486673	0.447888668544873	1.869038536572535
10	0.009	0	0.00889306329190731	0.16846249297549265	0.7448070010179407
11	0.009	0	0.006355500780045986	0.39103956738000084	1.8632963721133569
11	0.009	0	0.008672534488141537	0.16173802094578654	0.5801661524421761
11	0.009	0	0.009723256342113018	0.2451994874667413	1.1438510262151078
12	0.009	0	0.006846302188932896	0.48508348669690093	1.9756896856870485
12	0.009	0	0.00614436948671937	0.7045185711014655	2.0478211646623414
12	0.009	0	0.009070691652595997	0.1615283033806591	0.8908287321553794
13	0.009	0	0.009276825934648514	0.435228115483323	1.8058691267988272
13	0.009	0	0.011954988352954388	1.0326771763243114	3.5879980798571536
14	0.009	0	0.007522013504058123	0.2613875762176018	1.2721907407916218
14	0.009	0	0.009505125693976879	0.48634907749280615	1.8386012781647898
15	0.009	0	0.006838239263743162	0.25770011800979065	1.3460721435113494
15	0.009	0	0.006825195159763098	0.4902514205129724	1.888557844919712
16	0.009	0	0.008658435195684433	0.6047851490492281	2.4477969346446082
16	0.009	0	0.00875878892838955	0.19178726481659672	0.7464861579309348
17	0.009	0	0.009397897869348526	0.5349619332179523	1.9840656126946994
17	0.009	0	0.0090367142111063	0.5416888563897262	2.08385932212823
17	0.009	0	0.009523478336632252	0.18080349494951134	0.9925237917408462
18	0.009	0	0.01145096030086279	0.2617601454853862	1.066716854159767
18	0.009	0	0.00674481550231576	0.28589835104433564	1.2175871944197074
19	0.009	0	0.009184958413243294	0.1351953828930323	0.5948434916872765
19	0.009	0	0.01044264156371355	0.7340305579371909	3.0661853152506535
20	0.009	0	0.00941705796867609	0.2815420061543972	0.9895227949622574
20	0.009	0	0.007437644526362419	0.39278183880446915	1.4572425825054693
21	0.009	0	0.009227423928678036	0.4501079743244546	1.8642438811835047
21	0.009	0	0.007734327577054501	0.4275175577274394	1.4475990305356552
22	0.009	0	0.006822677794843912	1.070264850605984	3.2894392481552464
23	0.009	0	0.006152499001473188	0.5249509214920243	1.7738629754637245
24	0.009	0	0.006311044562608004	0.29246426369745243	1.6267322605691645
24	0.009	0	0.008236917667090893	0.05707251736627323	0.2426586784374879
26	0.009	0	0.008115846663713455	0.9434669132259482	4.052195328380064
27	0.009	0	0.0044934931211173534	1.00704898195633	4.134372012310749
28	0.009	0	0.009252717718482018	0.11628484960337282	0.3885024531489287
29	0.009	0	0.008308766409754753	0.04285528745458352	0.0863899341764087
30	0.009	0	0.006914974190294743	0.6891587922827583	2.1766173385036383
31	0.009	0	0.007131087593734264	0.2828496686881993	0.826144676319456
31	0.009	0	0.010383698157966137	0.08886909099470347	0.29379779949616747
32	0.009	0	0.00845019705593586	0.2584406226215736	0.7626184346500464
33	0.009	0	0.008568376302719116	0.24933220238533554	0.7722408065144044
34	0.009	0	0.005325250793248415	0.27975281334230606	1.2439432211948198
35	0.009	0	0.006953035015612841	0.23976749939391487	0.7096320996625376
35	0.009	0	0.007493655197322369	0.19490677373096865	0.7637696418565093
36	0.009	0	0.005223243031650782	0.17549030386498346	0.4394251256894272
36	0.009	0	0.009345847181975842	0.12478018930869023	0.4260019499169218
37	0.009	0	0.009624160826206207	0.7430662458558918	2.260449380302979
38	0.009	0	0.011407403275370598	0.4826264683655398	1.311841816706109
39	0.009	0	0.008948997594416142	0.29429918741429667	0.7813732533344351
40	0.009	0	0.0036384074483066797	0.07488593308522373	0.24468033393695127
40	0.009	0	0.007573592476546764	0.20517454254214898	0.4913656070218095
41	0.009	0	0.010166637599468231	0.12456956255098062	0.045211926155283806
42	0.009	0	0.009352185763418674	0.47214168816698837	1.6785426096530047
43	0.009	0	0.008735266514122486	0.29151104011119944	0.8263837291109981
44	0.009	0	0.00857604295015335	0.08381686632178398	0.39041483298752405
44	0.009	0	0.008777398616075516	0.22093718741266027	0.722507691807397
44	0.009	0	0.004911326337605715	0.26659275908154	0.4481441599895436
45	0.009	0	0.006207176949828863	0.34072330139237056	0.8769905741145627
45	0.009	0	0.007098757661879063	0.2200911631534884	1.0302482537553008
49	0.009	0	0.007358384318649769	0.1410008708927337	0.5609753017199316
49	0.009	0	0.008698413148522377	0.5296854069740713	1.9394312734530217
50	0.009	0	0.0063431221060454845	0.17340556062917972	0.544460846356914
50	0.009	0	0.007239848840981722	0.32553129460235347	1.2384325572279542
51	0.009	0	0.004408075008541346	0.297582619124112	1.0510891722419313
52	0.009	0	0.006851417012512684	0.10037094472272481	0.5062871013833665
52	0.009	0	0.008149412460625172	0.2822907723119556	0.9335644398127539
54	0.009	0	0.007710699923336506	0.20719274426642606	0.7903214478288642
54	0.009	0	0.006673377938568592	0.36915041376026964	1.915242849700702
55	0.009	0	0.004405077546834946	0.5159932202773613	2.066814831730114
56	0.009	0	0.005111284088343382	0.405224256152306	1.4788614717855806
57	0.009	0	0.007921808399260044	0.4115659431538059	1.6358014310759985
58	0.009	0	0.010059110820293427	0.3384562393013013	1.125263926563751
60	0.009	0	0.007629526313394308	0.3773194816149383	1.4045258390063369
60	0.009	0	0.008482225239276886	0.5122112638413476	2.2863446792181508
61	0.009	0	0.009400624781847	0.18901200887291955	0.5406952011740249
61	0.009	0	0.004741217475384474	0.44511973917943687	1.9329709462494102
62	0.009	0	0.008426392450928688	0.13653023258831978	0.49258860842706514
62	0.009	0	0.007172771263867617	0.33986579195225664	1.3602048830467242
63	0.009	0	0.011630617082118988	0.23391800345707622	0.8081225527097532
63	0.009	0	0.007030106615275145	0.4509589519945861	1.7300083966742958
64	0.009	0	0.010284743271768093	0.15859132353586597	0.5218831935930663
65	0.009	0	0.005739839747548103	0.06749594102086555	0.47563893173717436
66	0.009	0	0.007805668283253908	0.23916189911865082	1.1549851627845371
67	0.009	0	0.011501606553792953	0.09432042327193563	0.26131965347957714
67	0.009	0	0.008042415603995323	0.23682469304602982	0.9302881623874169
68	0.009	0	0.0033704079687595367	0.16117552788625494	0.7433379697710087
68	0.009	0	0.009015035815536976	0.23025742636407176	0.5674465959468001
69	0.009	0	0.009586312808096409	0.1199737808330635	0.3280529082732991
69	0.009	0	0.0065648797899484634	0.06464821138479011	0.1337576985448006
69	0.009	0	0.009010137058794498	0.12766166618040709	0.420432537544495
70	0.009	0	0.0055824765004217625	0.2392509630179287	1.2828345542925161
70	0.009	0	0.007071581669151783	0.3665823689223444	1.250748118231279
70	0.009	0	0.006730689667165279	0.10527576545832724	0.38959076443102175
71	0.009	0	0.0073373448103666306	0.2523696756519648	1.3708570037062981
71	0.009	0	0.00928446650505066	0.24382812242580204	0.9943477810685256
71	0.009	0	0.007765014190226793	0.04770556498296678	0.22752037403424374
72	0.009	0	0.0050307950004935265	0.357725899384244	1.7962669314759299
72	0.009	0	0.008026307448744774	0.13134034518677384	0.3707845223483041
73	0.009	0	0.010057976469397545	0.593410266361454	2.4011712048337337
73	0.009	0	0.007408072240650654	0.430456714440665	1.7139108803902705
74	0.009	0	0.006539572961628437	0.5431773047718027	1.9678057040769097
74	0.009	0	0.008648088201880455	0.6605471460999415	2.7711292814875574
75	0.009	0	0.009202378802001476	0.39828545787295766	1.0737673499012026
76	0.009	0	0.007689785677939653	0.4037159960020542	1.7095052771355794
78	0.009	0	0.010165905579924583	0.43304907315920604	1.7094054232896307
78	0.009	0	0.006529097445309162	0.19566434141289268	0.6795189298967323
79	0.009	0	0.009478634223341942	0.08412176714132057	0.34350280856076587
80	0.009	0	0.010073939338326454	0.3032843020150063	1.5557692427552596
80	0.009	0	0.00782435666769743	0.09916623898855265	0.35170981051655725
81	0.009	0	0.010228888131678104	0.917413672783252	2.844377434594379
81	0.009	0	0.0036708014085888863	0.09791231738149474	0.39651440927177306
82	0.009	0	0.007154065649956465	0.5772616222240301	2.1336561226805117
82	0.009	0	0.005538984667509794	0.23746716007359936	0.7310639980679371
83	0.009	0	0.0067191882990300655	0.333715094732794	0.853557323958324
84	0.009	0	0.005482893902808428	0.3174701047348338	0.7162341503981786
85	0.009	0	0.007517512422055006	0.09426106506754124	0.14517914465131693
85	0.009	0	0.009512213058769703	0.2579724775533019	1.1112217725732705
85	0.009	0	0.006058792117983103	0.2704984863964344	1.1966636770560082
86	0.009	0	0.007369357626885176	0.3379087382282548	1.2954436791513262
86	0.009	0	0.00803083274513483	0.13860019747620456	0.852094172773292
88	0.009	0	0.01037802267819643	0.1375228374069778	0.12347559806860481
88	0.009	0	0.008578261360526085	0.581699138486157	2.279174637991112
89	0.009	0	0.008017091080546379	0.21189674797961505	0.9902676169427991
90	0.009	0	0.008755424059927464	0.3133055213592823	1.4265799955730318
91	0.009	0	0.007861998863518238	0.309316829362461	1.382362588886999
92	0.009	0	0.006262560375034809	0.26576028370755933	1.139747086338915
93	0.009	0	0.006625426467508078	0.32351647636888176	1.3756836814673241
94	0.009	0	0.005954582244157791	0.5638015983270718	2.0867374168236963
95	0.009	0	0.00704096769914031	0.14144163626973452	0.5559227174216138
96	0.009	0	0.007617545779794455	0.15554117478704055	0.4639983944246989
97	0.009	0	0.009487143717706203	0.15567437656369773	0.3990422605435653
98	0.009	0	0.007314671762287617	0.192721440347278	0.7066056979920996
99	0.009	0	0.008002416230738163	0.29079987429105264	0.9838752158446122
100	0.009	0	0.006970701273530722	0.3829019658034938	1.1346936687815736
100	0.009	0	0.006909380666911602	0.315872711961439	1.2867199752553018
100	0.009	0	0.0036289868876338005	0.3225752287878356	1.3199410782174974
101	0.009	0	0.007808500900864601	0.24462097442618125	0.882501827093063
101	0.009	0	0.007697716820985079	0.20409219163681647	0.625081044071159
102	0.009	0	0.007309581618756056	0.22150171232773377	0.6878507856530468
102	0.009	0	0.007812551222741604	0.43138305099922714	1.2428312095139418
103	0.009	0	0.008981868624687195	0.3530101511681321	1.1200634778326664
103	0.009	0	0.009749320335686207	0.5337691339397092	3.074919705543712
104	0.009	0	0.006969885900616646	0.20310189214598048	0.7127561765953
104	0.009	0	0.007696021348237991	0.8450888045915812	4.180267887780308
105	0.009	0	0.00889586005359888	0.44655315589679034	1.7808720944962404
105	0.009	0	0.00813484750688076	0.02994370347388546	0.08744471026441629
106	0.009	0	0.008429136127233505	0.251441836499883	0.7818752326789657
106	0.009	0	0.006409581284970045	1.0686302746341794	4.429890803308347
107	0.009	0	0.008006853982806206	0.37075858058275296	0.9127879326061029
107	0.009	0	0.008553172461688519	1.0786391211558655	3.8177736988653477
108	0.009	0	0.008944983594119549	0.20976124087858494	0.9879617209674221
108	0.009	0	0.008247108198702335	0.26085308011600034	0.4559350081276508
109	0.009	0	0.006842349655926228	0.4118283420343934	2.437695930999259
109	0.009	0	0.00728358281776309	0.2539367829156334	0.5508075146199191
110	0.009	0	0.007029008120298386	0.7163977474897788	3.3387299659418317
110	0.009	0	0.0069116768427193165	0.09328019762287838	0.36378362792445207
111	0.009	0	0.009511123411357403	0.9474282031121487	4.075678918126896
111	0.009	0	0.007041820790618658	0.04734574000699531	0.11246454897628179
112	0.009	0	0.00907608587294817	1.2124577073363902	4.7683569258180505
112	0.009	0	0.006200816947966814	0.05990218337019938	0.28640632883844186
113	0.009	0	0.009923131205141544	0.7886038307849491	3.896131908880672
114	0.009	0	0.006689412519335747	0.3015816629412301	0.8724994571095942
115	0.009	0	0.008433462120592594	0.5719079932931586	2.257124563347592
115	0.009	0	0.004262189846485853	1.171872465384056	4.457461952204994
116	0.009	0	0.008372911252081394	0.27936540404421456	1.1666007292802787
116	0.009	0	0.008847846649587154	0.1464444049735693	0.6113635101553045
116	0.009	0	0.006268654018640518	1.010275468708524	3.6599902196746767
117	0.009	0	0.008906640112400055	0.13825113088181928	0.5287420468576771
118	0.009	0	0.00911836139857769	0.36020700416062545	1.5036362638003966
118	0.009	0	0.011404899880290031	0.2737898178122648	1.0668946997404278
119	0.009	0	0.005761842709034681	0.1981852780452983	0.958903690955796
119	0.009	0	0.0061310650780797005	0.22431721179065947	0.9446551950324127
120	0.009	0	0.008870481513440609	0.2103231626147631	0.7843285149179675
120	0.009	0	0.006794291082769632	0.10208818318648423	0.3021191899818045
121	0.009	0	0.004420935641974211	0.31498951031304695	1.1564841101191652
123	0.009	0	0.007607937324792147	0.23491936314983455	0.8586197123051967
123	0.009	0	0.00938586238771677	0.5439154512811034	1.641754584784193
123	0.009	0	0.009914758615195751	0.18188148403208984	0.7804560759357307
124	0.009	0	0.005907571874558926	0.1391659938067877	0.5993767813513692
125	0.009	0	0.007539887446910143	0.19865927969426142	0.8433396422056469
126	0.009	0	0.005173434503376484	0.3425714172228647	1.0133582084358221
127	0.009	0	0.007358910050243139	0.1565558153186109	0.4901132801633188
128	0.009	0	0.008150623179972172	0.4006068188833533	1.8058086397712225
131	0.009	0	0.003502364968881011	0.5983027599268791	2.0901553039267813
131	0.009	0	0.010006553493440151	0.0822353083359037	0.2163301787819231
132	0.009	0	0.005920256022363901	0.41824470841560896	1.5756029481666876
133	0.009	0	0.010012596845626831	0.2573807425534178	1.1127862506325825
134	0.009	0	0.008036050945520401	0.16271274688114665	0.6066671399697843
136	0.009	0	0.009101186878979206	0.23325464047781597	0.8453187017134991
137	0.009	0	0.00855711568146944	0.2648669997036481	0.9239954678735172
139	0.009	0	0.008661665953695774	0.23800333377413296	0.9875182479965849
140	0.009	0	0.008396727964282036	0.3597726044642187	1.4424315586721344
141	0.009	0	0.005827713757753372	0.7726768296484178	2.7402453418181865
141	0.009	0	0.008698677644133568	0.10488234046961538	0.18979776966958342
142	0.009	0	0.007682972587645054	0.5585828199211852	2.8902935388518087
143	0.009	0	0.006909079384058714	0.375236484225724	1.7173500393343868
144	0.009	0	0.007521539926528931	0.568839486931925	2.27847273035605
144	0.009	0	0.006482138764113188	0.27758389909079023	1.2223552314696513
145	0.009	0	0.008302788250148296	0.263304741303569	0.843688331355765
146	0.009	0	0.008239190094172955	0.448962307789341	1.7721641648916375
147	0.009	0	0.00793302059173584	0.32508050180159476	1.4548332536963116
148	0.009	0	0.0064801741391420364	0.39008452955067985	1.7832830827145643
149	0.009	0	0.006952845025807619	0.3870427200695499	1.7309166661769964
150	0.009	0	0.006737024988979101	0.3124316387440149	1.6346459271172122
150	0.009	0	0.008714089170098305	0.24961185726725593	0.868662615691448
151	0.009	0	0.006086597219109535	0.40704359233847687	2.1232146088262147
152	0.009	0	0.0064977481961250305	0.5562199423428531	2.401766985376767
152	0.009	0	0.00644862512126565	0.28162593165316907	0.6786646463968263
152	0.009	0	0.009403258562088013	0.10301446901810493	0.28063399891655033
153	0.009	0	0.007550851907581091	0.35384920992655944	1.1671155992143065
154	0.009	0	0.007610349915921688	0.2052737638639604	1.3118054245501156
155	0.009	0	0.00888838991522789	0.39767883253291264	1.6661879993026034
155	0.009	0	0.008516864851117134	0.023053913550369426	0.04484227778568224
156	0.009	0	0.005653615575283766	0.591967416020355	2.0640570411204138
156	0.009	0	0.005217798054218292	0.5878314452547818	1.9734844296367382
157	0.009	0	0.005581998731940985	0.3327527107026612	1.7227442415426968
157	0.009	0	0.006113692652434111	0.16440488849230003	0.5816594895224725
158	0.009	0	0.006100556813180447	0.27930226579796996	1.4041283542766796
158	0.009	0	0.007698484230786562	0.27742538042642045	0.9535915320711261
158	0.009	0	0.00714831193909049	0.3401223241943607	1.6270718129377955
159	0.009	0	0.004635574296116829	0.427485659553264	1.8488484044253768
159	0.009	0	0.008296956308186054	0.08095213367404966	0.22436314396259277
159	0.009	0	0.009553325362503529	0.5989144002751674	2.3260122222007964
160	0.009	0	0.006949435453861952	0.5424237065088551	1.764138132919607
161	0.009	0	0.00716862129047513	0.14816309754333276	0.42416258625172454
161	0.009	0	0.005665584933012724	0.18500829254626203	0.7479756076304616
161	0.009	0	0.0061070057563483715	0.26406039167307566	1.3049467031477526
162	0.009	0	0.010784169659018517	0.1370351412624314	0.4229714088860395
162	0.009	0	0.01927824318408966	0.6749067019436988	2.749769358357936
163	0.009	0	0.008549049496650696	0.2933630708626242	0.703561226593799
163	0.009	0	0.006632785312831402	0.27605337523324247	0.7961028813662377
164	0.009	0	0.009002559818327427	0.17834218810724037	0.510610579456457
164	0.009	0	0.005014038644731045	0.15953216582173685	0.6173535777302507
165	0.009	0	0.00835773441940546	1.2310394370703726	6.025398006884549
165	0.009	0	0.003976941574364901	0.2126952665664816	0.405715702299978
166	0.009	0	0.010522815398871899	1.8557509267636554	8.036020829217287
166	0.009	0	0.008382636122405529	0.4177664872118897	1.3245459862309201
170	0.009	0	0.008931363932788372	0.2349503323397145	0.9586318120858643
170	0.009	0	0.00975111685693264	0.38386524783832177	1.3383383185750217
170	0.009	0	0.008104409091174603	0.4695105927991071	1.8422950608698727
171	0.009	0	0.008096575736999512	0.7886530984687787	2.5388842370434643
173	0.009	0	0.004285747185349464	0.738586954565732	2.821716532656776
174	0.009	0	0.010336252860724926	0.2923562306927082	1.0040098566591695
174	0.009	0	0.006305609829723835	0.5201768142180672	1.8820061459276392
174	0.009	0	0.00798439048230648	0.298375085434042	1.4298401782361274
176	0.009	0	0.006222998723387718	0.34312343307147164	1.3169771635154996
176	0.009	0	0.008327273651957512	0.5426533253272906	2.467595200844079
177	0.009	0	0.0078954566270113	0.31522213109560765	1.3138237537027537
178	0.009	0	0.004834624473005533	0.2832373885868226	1.2518231891898375
178	0.009	0	0.007778037339448929	0.7049987821103088	2.9895879843863193
179	0.009	0	0.004925962071865797	0.18560505235342853	1.0170662719542385
179	0.009	0	0.00650484673678875	1.1516794308384735	4.378184134106541
179	0.009	0	0.008518868125975132	0.9888802254393599	4.002551397467217
180	0.009	0	0.007231225725263357	0.2203835425970409	0.8478260578664968
180	0.009	0	0.00921118725091219	0.21317979772569648	0.8718446378931444
180	0.009	0	0.009168442338705063	0.9911689572088361	4.056044173728007
182	0.009	0	0.0077416603453457355	1.0172918912782376	2.3826943165958596
183	0.009	0	0.007608023472130299	0.3273320381822512	1.1055094220687998
183	0.009	0	0.007727549411356449	0.4639797234935936	2.2232766372826642
183	0.009	0	0.007072916254401207	0.115980871942769	0.3187835963807938
184	0.009	0	0.008822065778076649	0.21865020066238552	0.9529196401486774
185	0.009	0	0.0070746890269219875	0.13600380759055725	0.416938272564837
185	0.009	0	0.003985595423728228	0.27847922542355574	0.9403708675439001
187	0.009	0	0.00882776454091072	0.3243604918848687	1.113787317549076
188	0.009	0	0.0047905645333230495	0.1858158176815502	0.6115353153621177
188	0.009	0	0.00588219054043293	0.06718962903774808	0.30740755921368446
189	0.009	0	0.006865774281322956	0.12895566200759154	0.1960317721526094
189	0.009	0	0.007270229514688253	0.35354700846273623	1.6167998698357458
190	0.009	0	0.00628234026953578	0.09444322203680255	0.21866395063973637
190	0.009	0	0.009373005479574203	0.3854616641713345	1.5687600866329074
191	0.009	0	0.007332701701670885	0.7586760780869201	2.1145443144781884
191	0.009	0	0.0037053765263408422	0.1374740370621793	0.42585777376193906
192	0.009	0	0.008049119263887405	1.0344301217769878	5.066409687516825
193	0.009	0	0.007710448931902647	1.261663735066506	6.425600414899417
194	0.009	0	0.009181022644042969	1.696591969043681	7.844471708564902
194	0.009	0	0.0074894311837852	0.11810299489820904	0.19863433612161102
195	0.009	0	0.006256203632801771	2.3557493462334946	9.586270396753388
197	0.009	0	0.007732031401246786	1.2829843744184386	4.302094913578311
198	0.009	0	0.0068710120394825935	0.1828255662745024	0.6811027919868086
199	0.009	0	0.008769852109253407	0.19107372948512574	0.4671429705614618
199	0.009	0	0.008714580908417702	0.20686796265279012	0.8020712842601249
199	0.009	0	0.009211788885295391	0.15455200803796315	0.8786115715008596
200	0.009	0	0.0085140410810709	0.2546940840365692	1.0420088123017246
204	0.009	0	0.009331493638455868	0.28462109071561	1.454317517774214
204	0.009	0	0.006466234102845192	0.3534342823592781	0.66695834471367
207	0.009	0	0.005978760775178671	0.28357923214642383	0.9396394143165263
207	0.009	0	0.009479417465627193	0.20948454742221773	1.0162728048355751
208	0.009	0	0.0087274806573987	0.1261338991919978	0.35399537721104996
208	0.009	0	0.008383474312722683	0.5378922841756344	2.057449510002303
209	0.009	0	0.00996886845678091	0.22699958593783565	0.6468993204907142
209	0.009	0	0.009326223284006119	0.14073163191082194	0.5466992986121674
210	0.009	0	0.010812331922352314	0.17346268083763694	0.15663875914712547
211	0.009	0	0.00942512508481741	0.15552586621370204	0.5934792039572845
212	0.009	0	0.005293922033160925	0.20790464207995005	0.7978879622143067
213	0.009	0	0.009176868014037609	0.09956419275313902	0.2628841197236311
214	0.009	0	0.008355543948709965	0.055072084202842264	0.22221009779092107
214	0.009	0	0.010089237242937088	0.27350529850431277	0.9101172284833681
215	0.009	0	0.00897247064858675	0.047863751609992254	0.20576710253364514
216	0.009	0	0.0038770968094468117	0.1827991979970729	0.7927799496718276
216	0.009	0	0.005566844251006842	0.23632442895705794	0.9997169584723589
217	0.009	0	0.0069519151002168655	0.1353292090721015	0.5782053617730651
217	0.009	0	0.008056617341935635	0.2573172932120064	1.0986266902022013
218	0.009	0	0.010327484458684921	0.04268132745254391	0.19763729271942698
219	0.009	0	0.007058571092784405	0.07563528552980266	0.3342505670857986
219	0.009	0	0.006297730840742588	0.2149772145282017	1.2030307117072456
220	0.009	0	0.010652314871549606	0.19891177469170465	0.8651743427313952
220	0.009	0	0.00448753172531724	0.608546574512768	2.963716995046529
221	0.009	0	0.006519068498164415	0.1461653161245301	0.7266818583494503
222	0.009	0	0.009100242517888546	0.06961862493072318	0.252710186760207
223	0.009	0	0.006886457558721304	0.517510509370806	1.8720309880623263
224	0.009	0	0.010681820102036	0.32372501437529816	1.2693635308154547
224	0.009	0	0.008420651778578758	0.19693959148358578	0.5559464116545999
224	0.009	0	0.0045668515376746655	0.4960434364242657	2.7067577755782017
225	0.009	0	0.007499278523027897	0.8110199135973795	3.052453045874821
226	0.009	0	0.009184198454022408	0.14504814446853564	0.6147463834232458
227	0.009	0	0.004420001991093159	0.26650687511493487	1.3396520450520966
228	0.009	0	0.008213547058403492	1.0282901231881003	4.576579430723417
229	0.009	0	0.005241189617663622	0.2478065205833655	0.6376416157270609
229	0.009	0	0.007521226070821285	0.17053447108871184	0.6570625217306175
229	0.009	0	0.008214213885366917	1.3110820236174305	4.95812441554511
230	0.009	0	0.0070388782769441605	0.8499720578588265	3.172901775258071
231	0.009	0	0.010001442395150661	0.28619283343950247	1.2344088302136396
231	0.009	0	0.009936865419149399	0.38491298544301955	1.1973511333277957
232	0.009	0	0.009205996058881283	0.1385293278629502	0.23970366922044853
234	0.009	0	0.005212506745010614	0.23349261981083386	1.074606727446499
234	0.009	0	0.004979792516678572	0.6821973863935744	2.240164248525177
235	0.009	0	0.005492798984050751	0.7884506193179939	3.511431140502625
236	0.009	0	0.009849940426647663	0.7526691868455427	3.2304262962798904
237	0.009	0	0.00875870045274496	0.2332512144699937	0.9935299534154906
239	0.009	0	0.008560462854802608	0.12070336423062515	0.2604332173699085
239	0.009	0	0.0064242188818752766	0.21557205000240418	0.8890110229081849
240	0.009	0	0.010293299332261086	0.0619560512372192	0.1448447533855779
240	0.009	0	0.006753208115696907	0.19244889740395443	0.5472579344019697
240	0.009	0	0.004733128938823938	0.27285010125961395	1.531674297168394
241	0.009	0	0.0068578459322452545	0.15967166277070094	0.47408639601241137
241	0.009	0	0.010695148259401321	0.24198332345923343	1.2055226237148355
241	0.009	0	0.006718284450471401	0.653256193815095	3.213676419156351
242	0.009	0	0.006438529118895531	0.11302451702462359	0.6652245818530731
242	0.009	0	0.006702390033751726	1.0499295420201396	4.387449249330848
243	0.009	0	0.009195133112370968	0.7365248536631399	3.0577240712528426
244	0.009	0	0.008659923449158669	0.5520244726533252	1.886700406408236
245	0.009	0	0.008479827083647251	0.20919714132918243	0.4963502253717385
246	0.009	0	0.0078120301477611065	0.27655605855922183	1.0379716880522252
247	0.009	0	0.004818552173674107	0.23449965525865046	1.0107193998395398
248	0.009	0	0.007376089226454496	0.5927720162854305	1.721707882090861
248	0.009	0	0.005438562016934156	0.4100327681953532	0.8879635444498902
249	0.009	0	0.008415845222771168	0.20372414418717136	0.5944021895208016
251	0.009	0	0.010080071166157722	0.11488422890341718	0.4636182628007358
251	0.009	0	0.008633335120975971	0.4954376580592312	2.630473008516973
252	0.009	0	0.00808000285178423	0.9128936645503687	3.803446728861008
253	0.009	0	0.007652617525309324	0.9369260254702332	3.7715983788117264
254	0.009	0	0.00612800195813179	0.3380152580734513	1.1237734644240163
254	0.009	0	0.008116775192320347	0.6982136378298167	2.352161394847267
255	0.009	0	0.008602243848145008	0.1873761204631871	0.5928817954219738
257	0.009	0	0.0052027394995093346	0.25077996465276325	1.1278461661609136
258	0.009	0	0.005574024748057127	0.056496548573486856	0.25052634362949816
261	0.009	0	0.004742197692394257	0.30477035935198915	0.8280814615980574
261	0.009	0	0.008530281484127045	0.5726252260169162	2.2258501403741477
262	0.009	0	0.00975506566464901	0.5003647876001263	1.4971764736384632
263	0.009	0	0.008135710842907429	0.3808063513800698	2.040745199799307
263	0.009	0	0.00631360849365592	0.3257211398234277	0.44639122413325416
264	0.009	0	0.0076149157248437405	1.0656625641218458	4.171180883550576
265	0.009	0	0.005816190503537655	0.2220732338481785	0.5944501763767339
267	0.009	0	0.0028255421202629805	0.45024243888076737	2.1757920395910406
267	0.009	0	0.0074757169932127	0.35632243368066596	1.0825230972711495
268	0.009	0	0.006380550097674131	0.9300464595298604	3.8768376754482343
268	0.009	0	0.00788512360304594	0.5968074730827861	1.997482037380739
270	0.009	0	0.007998678833246231	0.1103609660663968	0.3803547434869002
271	0.009	0	0.00607548002153635	0.17672831748659273	0.4267489195618525
271	0.009	0	0.006922741886228323	0.26094904293478055	1.3461418684219493
272	0.009	0	0.0068232472985982895	0.3899611839396204	1.6103173906851347
272	0.009	0	0.0069726817309856415	0.7615203872574413	3.3393400479748863
273	0.009	0	0.00705909077078104	0.703175203437246	2.7394335508286547
273	0.009	0	0.006015468388795853	0.7835164611805161	3.02194671133636
274	0.009	0	0.008648840710520744	0.33687734692399174	1.1316830742584214
274	0.009	0	0.00574147654697299	0.1837029091767297	0.5329765049969604
275	0.009	0	0.005719766952097416	0.485716070292036	1.4377112370834018
276	0.009	0	0.006550799589604139	0.2481355015722752	0.851169163916544
277	0.009	0	0.005299331620335579	0.3532346203911119	0.8240641549615466
278	0.009	0	0.006671966519206762	0.11016814216921797	0.4111514710292672
280	0.009	0	0.008331449702382088	0.5336995517283303	1.784434054548403
280	0.009	0	0.010315170511603355	0.14386996963035567	0.4091800329185618
281	0.009	0	0.008310714736580849	0.5669384183532001	2.11754854517276
281	0.009	0	0.005258853547275066	0.08842609327356861	0.20485523249973833
282	0.009	0	0.010631728917360306	0.09495254592328817	0.2039752821959404
284	0.009	0	0.006174265407025814	0.29427163938458717	1.5144652188111265
286	0.009	0	0.007274234667420387	0.34697652239199617	1.1036326570821553
286	0.009	0	0.00961242150515318	0.11705423555041328	0.5462673295712556
287	0.009	0	0.0059903524816036224	0.2601934462752302	0.5095629615458941
287	0.009	0	0.009165134280920029	0.03673474720942257	0.22710559691139254
288	0.009	0	0.00897430069744587	0.2909850563008696	0.7497399299885757
288	0.009	0	0.010382217355072498	0.15549560212371782	0.8511513988660873
289	0.009	0	0.008335661143064499	0.628042439551343	2.0283098423575687
289	0.009	0	0.008430439047515392	0.1872959293872321	0.8771591327560269
290	0.009	0	0.00771865900605917	0.3655618027398351	1.5609249100280265
291	0.009	0	0.00939708761870861	0.3218254304123465	0.9576794043662373
291	0.009	0	0.006319467909634113	0.2999112229370874	1.1241034671648096
292	0.009	0	0.007662864401936531	0.37443919970077827	1.434055469602793
293	0.009	0	0.008065949194133282	0.3258111798406051	1.2830592015014284
294	0.009	0	0.008671927265822887	0.12291118664493708	0.6308757035134979
294	0.009	0	0.010717364028096199	1.0591174245368944	3.6989901233336324
295	0.009	0	0.00624928530305624	0.12722576482479708	0.589572085514482
295	0.009	0	0.008411753922700882	0.770419659553418	2.747011464142813
296	0.009	0	0.007721950765699148	0.5897903135014758	2.2873248256594696
296	0.009	0	0.004507301840931177	0.48143219910253393	1.848459159525903
297	0.009	0	0.0070403097197413445	0.2151535312134118	0.7826580114456545
300	0.009	0	0.009687920100986958	0.4613584380908878	1.7996336688488592
300	0.009	0	0.0064364164136350155	0.427992638112049	1.7777126570665374
301	0.009	0	0.007025504019111395	0.644125182735496	2.1591337791536827
301	0.009	0	0.0045066713355481625	0.21011180942565505	0.9554069765577163
303	0.009	0	0.008857031352818012	0.3742949931463329	0.813274980199233
306	0.009	0	0.007846120744943619	0.157780567475088	0.4876253773947906
306	0.009	0	0.010303853079676628	0.1704759745959639	0.7049593693641951
308	0.009	0	0.009196674451231956	0.019316307772941774	0.06434830955731548
309	0.009	0	0.007856731303036213	0.3105359279123049	0.8898043442938197
312	0.009	0	0.00724349869415164	0.7561569477815935	2.764804305169054
315	0.009	0	0.00989839993417263	0.11223709794736	0.4268033036500448
316	0.009	0	0.004987502470612526	0.09424018848667919	0.3214355510182784
317	0.009	0	0.008207662031054497	0.02749141846930092	0.1308292618626875
318	0.009	0	0.008627736940979958	0.4331593721605345	1.230217724073799
318	0.009	0	0.00694996677339077	0.0998896728838404	0.4492297781343123
319	0.009	0	0.0066885980777442455	0.31269359680815484	1.1572370364989426
320	0.009	0	0.008023519068956375	0.3667690275231791	1.279460391594148
320	0.009	0	0.008363227359950542	0.23880428248027022	1.300460048536402
321	0.009	0	0.008906050585210323	0.39357575263892963	1.2462066582523685
322	0.009	0	0.010876624844968319	0.13779525647709673	0.3194545774237851
323	0.009	0	0.008708329871296883	0.5099072868738149	1.6546144122268147
324	0.009	0	0.01017604861408472	0.0945300259863759	0.5591704853168639
324	0.009	0	0.007728402968496084	0.523124356240972	2.760664829855079
325	0.009	0	0.005907497834414244	0.1481367454014903	0.41757857516238583
326	0.009	0	0.009587950073182583	0.4971405462060413	1.8022290776750016
326	0.009	0	0.007380192633718252	0.07127811335175893	0.3363503553548714
330	0.009	0	0.007894161157310009	0.18486541990072422	0.5623720761290909
332	0.009	0	0.008127930574119091	0.11724519502970725	0.4638490106648685
333	0.009	0	0.0067881448194384575	0.09815665271754502	0.3522946156294983
336	0.009	0	0.006925930269062519	0.3168742493670746	0.9170517185533769
336	0.009	0	0.006267850752919912	0.08956413380084813	0.10662144164966621
337	0.009	0	0.004521506372839212	0.15712533226098443	0.3631442873399532
338	0.009	0	0.008239689283072948	0.13437750253097064	0.3525759856642622
338	0.009	0	0.008829036727547646	0.46585808553760133	1.7703776008649155
339	0.009	0	0.006074444390833378	0.2009277664504682	0.34933930692715914
340	0.009	0	0.009490955621004105	0.38641392002411606	0.9493849306958808
341	0.009	0	0.00819777324795723	0.14062693291615988	0.4526384716165021
342	0.009	0	0.008503538556396961	0.20472329080125445	0.6731514251534059
342	0.009	0	0.00843522697687149	0.12933578744512006	0.3746780991703773
343	0.009	0	0.00542058702558279	0.24361383264216155	1.0154128622893392
344	0.009	0	0.008395790122449398	0.5106799578129659	1.6675506036763674
344	0.009	0	0.010208229534327984	0.05500713821180207	0.20516414470171948
345	0.009	0	0.0067475647665560246	0.29450008342381034	0.826070974119898
345	0.009	0	0.007216510362923145	0.12904057018895315	0.3768913972992092
346	0.009	0	0.008118725381791592	0.6882459259651373	2.7343819447420676
346	0.009	0	0.01049476396292448	0.13771939376787876	0.33230502602052225
347	0.009	0	0.010432037524878979	0.5290071277534012	2.6691234377338677
347	0.009	0	0.007704553660005331	0.08382764240512239	0.2163269205176246
348	0.009	0	0.009771299548447132	0.643518256549411	3.1469382970304127
349	0.009	0	0.007199381943792105	0.2729521411342959	1.1827572967578428
350	0.009	0	0.008362332358956337	0.3557373407345214	1.1257234541058316
351	0.009	0	0.010160432197153568	0.23049882105366695	0.9638656760599379
351	0.009	0	0.00976963248103857	0.17488088466718718	0.5363128217507405
352	0.009	0	0.009073029272258282	0.1134820161373294	0.31569528701271227
353	0.009	0	0.008493272587656975	0.3103312133529361	0.8186524574208157
354	0.009	0	0.0062112510204315186	0.3828648871000952	1.7328495595085727
354	0.009	0	0.009812712669372559	0.3473612426306471	1.252645917942258
355	0.009	0	0.008328013122081757	0.4737136118397455	1.9547068878496652
356	0.009	0	0.006453896872699261	0.3972901538357006	1.665558163444861
356	0.009	0	0.005651817657053471	0.4151732097947508	1.3156204119217059
357	0.009	0	0.009481810964643955	0.07002540968266546	0.1645761222800016
358	0.009	0	0.007326319348067045	0.3090557363102614	0.8450677298491103
359	0.009	0	0.007121185772120953	0.2965526853357849	0.4998563825311617
359	0.009	0	0.010564891621470451	0.06616059122202905	0.25292709829360266
360	0.009	0	0.007311019115149975	0.4308950325584861	1.4566851515812373
360	0.009	0	0.0058376239612698555	0.18386558454498966	0.9607543693452855
361	0.009	0	0.008100844919681549	0.6124134547780888	1.3963895025373572
361	0.009	0	0.006861631292849779	0.19840298089799266	0.9665501746398947
362	0.009	0	0.0037939816247671843	0.2523843449313906	0.490224378528905
362	0.009	0	0.00977767538279295	0.1552649989897753	0.6160882340564958
365	0.009	0	0.0052083986811339855	0.170309367731928	0.6398264869469535
366	0.009	0	0.008033870719373226	0.5338619746804317	1.3811474195261524
367	0.009	0	0.007447168696671724	0.7768520740980969	2.473570986571039
367	0.009	0	0.01057823933660984	0.13788255343024514	0.6258520053835791
368	0.009	0	0.008192731998860836	0.49935655171214277	1.1633771150684176
368	0.009	0	0.005625290330499411	0.1303667728586144	0.3890714540323583
371	0.009	0	0.010617092251777649	0.13229071752792732	0.38862250347090227
372	0.009	0	0.00965829286724329	0.18490291684289137	0.5756580633028725
373	0.009	0	0.008299893699586391	0.044098577915217554	0.18239317878077885
374	0.009	0	0.004898817278444767	0.1561253251725555	0.6921041503279368
375	0.009	0	0.007539081387221813	0.07631685778653419	0.28522408837986807
378	0.009	0	0.00983838364481926	0.13462430649090332	0.46483450983781427
379	0.009	0	0.008328692056238651	0.21868268396013665	0.751876416031019
380	0.009	0	0.006070842035114765	0.12300076982408552	0.39188683012523884
381	0.009	0	0.004994286689907312	0.08809101615043649	0.35984863484234825
384	0.009	0	0.010295536369085312	0.24296815752379236	0.6781211475248369
384	0.009	0	0.0075409384444355965	0.07586633897687506	0.12097439748860385
385	0.009	0	0.006963696796447039	0.37934196835417355	1.2479902786128028
385	0.009	0	0.00796748511493206	0.07715735405020238	0.1881539945108159
386	0.009	0	0.009603487327694893	0.1979635607611298	0.3722550501996804
386	0.009	0	0.005470422096550465	0.10663972371772387	0.22325390769198453
387	0.009	0	0.009181017987430096	0.4864223579012003	1.5106360292951293
388	0.009	0	0.007705929689109325	0.6145074935494841	1.8097031576742006
388	0.009	0	0.008634843863546848	0.27949391018330905	0.8442710306806274
389	0.009	0	0.005009172484278679	1.1170678652538586	3.739414120834216
389	0.009	0	0.012956202030181885	0.1393173510144243	0.29993758852360874
390	0.009	0	0.006463759578764439	0.24369506862559345	0.9449221953922076
390	0.009	0	0.006458801217377186	0.10022919159721394	0.2506590411641548
391	0.009	0	0.007477161008864641	0.1548785614448325	0.5797010425235154
393	0.009	0	0.00665266765281558	0.3346885453885857	0.5690507105837191
394	0.009	0	0.008207197301089764	0.17847035795614194	0.743572086669738
397	0.009	0	0.008742871694266796	0.5599602295135814	2.507413719589872
398	0.009	0	0.006163928657770157	0.5332784642173057	2.2371537732940467
399	0.009	0	0.009042441844940186	0.6075666863739914	2.506605830382033
401	0.009	0	0.0078057534992694855	0.29009163204348853	1.0741571920396178
402	0.009	0	0.005370896775275469	0.14602326663571752	0.5038072545208808
403	0.009	0	0.00797578040510416	0.1759858669178438	0.6612672524239354
404	0.009	0	0.00863354280591011	0.29269184822506406	0.9355199004774906
407	0.009	0	0.00910462997853756	0.44407788472188753	1.4089282046367972
407	0.009	0	0.0056687756441533566	0.25999836453117703	1.7820334780790363
408	0.009	0	0.0064266398549079895	0.15662776010032878	0.5189752440403353
409	0.009	0	0.005522426217794418	0.16263107614768263	0.5540561059921713
411	0.009	0	0.008938047103583813	0.3714802615129142	1.277978175590354
412	0.009	0	0.010129110887646675	0.6185191791987702	2.0396363622311786
413	0.009	0	0.009261866100132465	0.34793719827378705	1.4132725191965727
415	0.009	0	0.007534076925367117	0.08100170230143011	0.4743329455842467
416	0.009	0	0.007999107241630554	0.41303028131217107	1.4184330447340159
416	0.009	0	0.00966461282223463	0.1376424324084762	0.5221277931599382
420	0.009	0	0.008411522023379803	0.2752580849870912	1.2592057313533112
422	0.009	0	0.008016619831323624	0.379769526979402	1.3802029744608124
423	0.009	0	0.011255315504968166	0.11111085826078357	0.619327120469697
427	0.009	0	0.008591986261308193	0.31687823761347295	1.2249040949580943
428	0.009	0	0.008992423303425312	0.30740280149576704	0.8335391834958521
428	0.009	0	0.004419639706611633	0.32482674568762676	1.2529875900392269
429	0.009	0	0.009761312045156956	0.29599351954768743	1.2464741301407174
429	0.009	0	0.008667157031595707	0.17509583482244556	0.8970752302402855
430	0.009	0	0.009282032027840614	0.3908977719624339	1.6928099049911658
430	0.009	0	0.009471171535551548	0.3153360786730102	1.3386556105911684
432	0.009	0	0.002355746226385236	0.633367483469248	2.0419984746134636
433	0.009	0	0.008640101179480553	0.08520465047454956	0.3652835090525856
434	0.009	0	0.009312317706644535	0.14620107098647125	0.4424934826114079
434	0.009	0	0.008453008718788624	0.28522766345082234	1.058962733130683
438	0.009	0	0.00657855998724699	0.15055123844543708	0.49235191309674364
442	0.009	0	0.006891163066029549	0.10179932064180826	0.44265283307094605
443	0.009	0	0.008837088011205196	0.0837006750328606	0.4390706289009851
445	0.009	0	0.00984929408878088	0.17288164858720836	0.5254474245477192
447	0.009	0	0.0067867981269955635	0.13504484665041688	0.613247832264192
447	0.009	0	0.010374325327575207	0.1643235319358237	0.5521177869191569
448	0.009	0	0.0067796469666063786	0.16072485555384675	0.497245604611662
449	0.009	0	0.008134448900818825	0.2916690684728792	1.1263378475542372
449	0.009	0	0.006847554352134466	0.04393407301897757	0.1274438284003529
450	0.009	0	0.010962662287056446	0.3011474362276875	1.1693101061899263
450	0.009	0	0.008971838280558586	0.3534561552041152	1.3154470197119779
451	0.009	0	0.006925307679921389	0.33184617283806683	1.1420784676068634
452	0.009	0	0.006791619583964348	0.27180441420340057	0.968670654109573
452	0.009	0	0.007818960584700108	0.21835142420512263	0.6819496196470631
453	0.009	0	0.010278228670358658	0.3361223907734591	1.084684259749151
453	0.009	0	0.009894225746393204	0.305078282184558	0.9993920512496979
454	0.009	0	0.009592406451702118	0.1375651594466912	0.4233377713009054
455	0.009	0	0.005949792917817831	0.2970483510783663	1.07718453454887
456	0.009	0	0.0067620049230754375	0.18273891818973587	0.8167876838521045
459	0.009	0	0.007171505596488714	0.3336754728153809	1.844216470468372
460	0.009	0	0.008755099959671497	0.4799818855701681	2.2653254792718913
461	0.009	0	0.006452941335737705	0.5681812655735805	2.5068368425870258
462	0.009	0	0.009092165157198906	0.32037925992789723	1.2563474496072966
463	0.009	0	0.007573910988867283	0.26369634620736054	0.9619663340619511
466	0.009	0	0.010524357669055462	0.1960933341959954	1.0261233827016003
467	0.009	0	0.00809737853705883	0.4003676672925892	1.7534458992844428
469	0.009	0	0.00831841491162777	0.6265359639773934	3.2686932309612575
470	0.009	0	0.00968936923891306	0.921521430233024	4.049839219423254
471	0.009	0	0.0054092854261398315	1.1643715810307869	4.474214329613226
472	0.009	0	0.00554886506870389	0.2933286601266029	0.9695713030705843
472	0.009	0	0.00909540243446827	0.5441605895815946	1.9811039682833496
473	0.009	0	0.009085251949727535	0.05490784721041128	0.19530608619602616
474	0.009	0	0.008995717391371727	0.3535798143124251	1.417818582166535
474	0.009	0	0.00915062427520752	0.1702940273946821	0.5343101149945395
475	0.009	0	0.01336229033768177	0.24248605463951217	1.0209161406990153
477	0.009	0	0.007443242706358433	0.6869115594803707	2.455491243857794
477	0.009	0	0.008434648625552654	0.07282678458318491	0.28407594155348065
481	0.009	0	0.008476302959024906	0.3373057190003505	1.229127870075247
482	0.009	0	0.0031843692995607853	0.2565228575406871	0.9953341563346911
482	0.009	0	0.007397299166768789	0.060229474302286486	0.18664762648682023
483	0.009	0	0.006925245281308889	0.052763115555381365	0.20447540343758552
484	0.009	0	0.006852524820715189	0.12866839767953164	0.5580114414322459
485	0.009	0	0.009144304320216179	0.04073144931388696	0.1462637789526618
486	0.009	0	0.006854117847979069	0.06890485623553813	0.33560773914166275
488	0.009	0	0.0063774799928069115	0.4437132463853212	1.590658598026909
489	0.009	0	0.006989926565438509	0.46744531435334774	1.5342782777144321
489	0.009	0	0.00970557238906622	0.2238500766119562	0.9266411250831229
490	0.009	0	0.010377160273492336	0.307285600101087	0.9203502717401416
492	0.009	0	0.005094533320516348	0.4689181981238686	1.0461808464294644
492	0.009	0	0.008032971061766148	0.22368845539326282	1.026236519204128
493	0.009	0	0.007332688197493553	0.05171672055144886	0.2359351288900259
495	0.009	0	0.004032581578940153	0.11683053480831014	0.5298707083528527
496	0.009	0	0.008163492195308208	0.05814094575287985	0.267613531782117
497	0.009	0	0.009235367178916931	0.06767182784316231	0.2153692476623239
498	0.009	0	0.007350030820816755	0.394357938618501	1.9757926782691984
502	0.009	0	0.007946627214550972	0.0960680803025557	0.13105891883754986
506	0.009	0	0.009587034583091736	0.43404596687425745	1.4231765794410471
507	0.009	0	0.006620464380830526	0.5382007432577454	2.229349901459475
509	0.009	0	0.00427416805177927	0.10690862387896723	0.35901790174475495
511	0.009	0	0.005447650793939829	0.01919456706238703	0.07725654865120023
514	0.009	0	0.011110539548099041	0.24174152788096395	0.9448997645295502
515	0.009	0	0.007845193147659302	0.3323043467599683	0.9481741649731493
519	0.009	0	0.00849111471325159	0.13228213926709056	0.407202369589408
519	0.009	0	0.00926169566810131	0.18046508354305962	0.5666946347654473
520	0.009	0	0.008848966099321842	0.12485445618258677	0.3564340061324224
521	0.009	0	0.005831357091665268	0.10860111401453627	0.3264402682401773
522	0.009	0	0.01021676603704691	0.18196672690274965	0.7371828488890771
522	0.009	0	0.005935335997492075	0.09216777440313755	0.227385794806907
523	0.009	0	0.008270992897450924	0.11297657242351432	0.41001680702387794
524	0.009	0	0.011828121729195118	0.18781401829304395	0.30510201040649854
525	0.009	0	0.0054624625481665134	0.12412876593678941	0.37335621296028465
527	0.009	0	0.0064681279473006725	0.15713645197271586	0.5994841774297479
532	0.009	0	0.0061925058253109455	0.07911439232855562	0.39809848575393314
533	0.009	0	0.007761311251670122	0.1429577876268159	0.5688859548072038
534	0.009	0	0.009390325285494328	0.18339839640477806	0.6727180814086263
537	0.009	0	0.007364211603999138	0.06397994262964898	0.2476554347041544
544	0.009	0	0.007036482449620962	0.09013151570900317	0.38201183855677884
544	0.009	0	0.00790401641279459	0.02807790995342273	0.10879707892440414
545	0.009	0	0.00872113462537527	0.02560132744675291	0.10222707918156579
546	0.009	0	0.008556660264730453	0.16678445324560412	0.6605552382756085
547	0.009	0	0.00753431161865592	0.09384864518597438	0.40480918130586657
548	0.009	0	0.007779181934893131	0.08831808909097834	0.38885636946598795
549	0.009	0	0.008643094450235367	0.0878592538391601	0.3981226535583635
551	0.009	0	0.009828056208789349	0.4751325137627421	1.187685235448146
552	0.009	0	0.008727313950657845	0.20570584354435292	0.8340398768814763
553	0.009	0	0.00898746121674776	0.24607394127442872	0.950381784842046
554	0.009	0	0.00891558825969696	0.0641254582016643	0.06238425383089328
555	0.009	0	0.010716245509684086	0.21840423402980327	0.7415317047736093
557	0.009	0	0.009560531005263329	0.22312515977112013	0.6594830759022986
557	0.009	0	0.008844772353768349	0.08827546332563056	0.42121027326956895
558	0.009	0	0.008246336132287979	0.2045248043231734	0.4546374336121446
559	0.009	0	0.007253345567733049	0.14067428270148222	0.3875687385024264
561	0.009	0	0.005377340130507946	0.7081664292114402	2.6730702074705137
562	0.009	0	0.009669645689427853	0.23529828087669313	0.5381098463954902
563	0.009	0	0.008453276939690113	0.08284930422674298	0.13176207708770096
564	0.009	0	0.005774580407887697	0.18011901018798085	0.5654825905156289
564	0.009	0	0.0062557426281273365	0.11452884620344982	0.5347608834473813
565	0.009	0	0.006615881342440844	0.11261466869040686	0.5042987753129741
566	0.009	0	0.008794780820608139	0.07485411940577424	0.07307369843166585
567	0.009	0	0.010053206235170364	0.21420450686056544	0.894261639502801
568	0.009	0	0.008365096524357796	0.11959096512829172	0.3430372425013078
570	0.009	0	0.007838556542992592	0.34669222060288435	0.7785495711286299
570	0.009	0	0.00849440973252058	0.17866701166931706	0.7732860418835111
571	0.009	0	0.009851230308413506	0.13130901080948734	0.2700150539563358
571	0.009	0	0.005791495554149151	0.1699693355155448	0.758802601228023
575	0.009	0	0.007829628884792328	0.47274449796201073	1.8401133869629442
576	0.009	0	0.008678065612912178	0.5392542610287248	1.5357297597623296
576	0.009	0	0.008926810696721077	0.7583102076277581	4.0778899451819965
577	0.009	0	0.00495070219039917	0.3787061608743524	1.1395290601092791
577	0.009	0	0.009123742580413818	1.0930367359690998	4.820047144653983
578	0.009	0	0.008926600217819214	0.5269822400967682	1.1343251343213676
578	0.009	0	0.010630548931658268	1.3430498342769572	5.079022005406282
579	0.009	0	0.007631034590303898	1.1891389079256551	3.778481877534859
580	0.009	0	0.008363138884305954	0.2792807998483773	0.7530980159705952
581	0.009	0	0.008069746196269989	0.31808272746644267	1.0536406478729663
583	0.009	0	0.008832955732941628	0.11353674042051348	0.5860428926465518
584	0.009	0	0.009807824157178402	0.21316525459901658	0.8464092221982433
585	0.009	0	0.004993798211216927	0.13849234051358805	0.49205376847757554
586	0.009	0	0.009250164963304996	0.15364372523945274	0.6006698098417214
587	0.009	0	0.0075431764125823975	0.07342166345035515	0.32332729777722885
588	0.009	0	0.008680030703544617	0.11127469241154611	0.4792118554674208
590	0.009	0	0.006284629926085472	1.013632678630713	5.195051843150111
590	0.009	0	0.009426376782357693	0.1430049655078433	0.5548358868862308
591	0.009	0	0.0071006109938025475	0.2564489567648661	1.0175140712121697
591	0.009	0	0.005848170258104801	0.1432151676361693	0.5595134363749047
593	0.009	0	0.0046799140982329845	0.6822296838818797	2.4651448473412825
597	0.009	0	0.00827853661030531	0.43663834661625067	1.2002404631179944
600	0.009	0	0.008148973807692528	0.14797834780733116	0.5512151410131452
601	0.009	0	0.007117661647498608	0.09914724486773864	0.4062037032995726
602	0.009	0	0.006993953138589859	0.10021410883704891	0.36400481943767976
603	0.009	0	0.009573492221534252	0.6385305483346347	2.3667057416447586
603	0.009	0	0.006253132130950689	0.04175138387897117	0.21055620589587026
604	0.009	0	0.006665858440101147	0.048055226282393365	0.23319621675860663
605	0.009	0	0.006958767306059599	0.3094536957124125	1.050950818400089
606	0.009	0	0.00877351500093937	0.19495320563460178	0.6965204023523561
606	0.009	0	0.006874415557831526	0.04716883100845679	0.18802441229847736
607	0.009	0	0.008985291235148907	0.06955046118996888	0.311517478752955
608	0.009	0	0.007742282934486866	0.16080028251866535	0.5722803320175804
613	0.009	0	0.006364273373037577	0.8450650045971917	3.9997636507825103
616	0.009	0	0.00688490504398942	0.12494867586953859	0.446162336861581
617	0.009	0	0.007683347910642624	0.31489795683271093	0.5667383770257076
619	0.009	0	0.0073203518986701965	0.2630574097014596	0.7647368464358217
619	0.009	0	0.006143520586192608	0.08308475441074452	0.33210668131655263
620	0.009	0	0.007593368645757437	0.14961571732895462	0.40131495017305735
626	0.009	0	0.010608532465994358	0.11800835585525833	0.37298868217950637
627	0.009	0	0.0065788691863417625	0.6119661472075387	2.822247332537242
629	0.009	0	0.00845048762857914	0.15622077200804046	0.5909804402647442
631	0.009	0	0.0033955276012420654	0.15686831228629702	0.45682456824955525
632	0.009	0	0.007812663912773132	0.09077872105253289	0.2827352939296202
635	0.009	0	0.007366836536675692	0.21764017761171756	0.6379800272234613
637	0.009	0	0.004476530477404594	0.5642859993926148	2.726609360449165
638	0.009	0	0.008345000445842743	0.14087809440412982	0.4576195468606902
641	0.009	0	0.009024403989315033	0.3700568105948151	1.6765555259441853
641	0.009	0	0.01097716111689806	0.16374886934083635	0.4520590318164251
642	0.009	0	0.005478908307850361	0.3384100521154008	1.428938971171017
643	0.009	0	0.006087024230509996	0.3515018120746151	1.2345828588923387
644	0.009	0	0.008463121019303799	0.17578586127827975	0.6883189052136872
644	0.009	0	0.005276455078274012	0.026775095839501346	0.09375275986591768
645	0.009	0	0.0069693452678620815	0.15928262046488273	0.6888145747015427
646	0.009	0	0.007126365322619677	0.18426432802096487	0.7135271818853938
648	0.009	0	0.006455748341977596	0.24777763518863236	0.9485983031495642
649	0.009	0	0.007303506135940552	0.6512825394753509	1.9035464507549305
650	0.009	0	0.008383647538721561	0.18302498692682373	0.4909832117690402
650	0.009	0	0.0064461808651685715	0.07046179846985014	0.33965478070227145
651	0.009	0	0.00786250364035368	0.32001996176168845	0.7994459368768643
651	0.009	0	0.009461081586778164	0.06961202057297032	0.3326373901871215
652	0.009	0	0.006637616083025932	0.05603726009302713	0.27498926183239725
654	0.009	0	0.007658664602786303	0.12985858506272635	0.41627212345768033
655	0.009	0	0.009337061084806919	0.17945537032304817	0.7146677422460499
656	0.009	0	0.006082373671233654	0.046160160180212816	0.23742963173925843
657	0.009	0	0.008668748661875725	0.09203566909910624	0.3911619281838435
659	0.009	0	0.0065428223460912704	0.04406616356281545	0.05195584499436049
661	0.009	0	0.006396978162229061	0.1519235873470578	0.5698557830539369
662	0.009	0	0.008507302962243557	0.4429231551114254	1.2804566248402545
663	0.009	0	0.006954638287425041	0.08678648965734041	0.2195268959139156
664	0.009	0	0.007987906225025654	0.11103517684343946	0.7625911079242494
664	0.009	0	0.009587186388671398	0.31006454050926857	1.2083840289903682
668	0.009	0	0.006370933726429939	0.47345569732239234	1.5868185895395126
668	0.009	0	0.009190255776047707	0.05864319100308048	0.29931550955637043
672	0.009	0	0.008160433731973171	0.210507598488164	1.1042070768605632
675	0.009	0	0.00796135701239109	0.1539008260852071	0.492035171692311
676	0.009	0	0.008571436628699303	0.07568499137580488	0.32504201239305597
677	0.009	0	0.009101022966206074	0.13839759495766066	0.5276192190226471
678	0.009	0	0.004615991376340389	0.0592784493172837	0.24246410265549515
679	0.009	0	0.009386887773871422	0.023982790580228393	0.11999970614821633
685	0.009	0	0.006526458542793989	0.44838591966828456	1.9506302526310635
685	0.009	0	0.008652529679238796	0.10917372439915084	0.38234612436138804
686	0.009	0	0.008899900130927563	0.3587131127157111	1.6780662787538632
686	0.009	0	0.010273279622197151	0.11377525424315026	0.3942337556009501
687	0.009	0	0.00864427536725998	0.4797249388552487	2.026743448734513
691	0.009	0	0.0073786163702607155	0.09533082958800053	0.3134841454362438
693	0.009	0	0.007469371892511845	0.052267260404449345	0.19830426214266728
694	0.009	0	0.007665138226002455	0.031370349315248236	0.1161553630419405
695	0.009	0	0.0072096772491931915	0.036324353597207516	0.15578045503356283
698	0.009	0	0.006993438117206097	0.08916586664736194	0.3997243860788296
703	0.009	0	0.00931383017450571	0.14767687537010873	0.6168321030228685
709	0.009	0	0.007246410008519888	0.07397683047431082	0.3447129314456782
710	0.009	0	0.0071917022578418255	0.025908888802020007	0.14689628216706938
711	0.009	0	0.004718789830803871	0.12478475061614433	0.4666111122479232
712	0.009	0	0.008210787549614906	0.05760774655869923	0.2787025832112816
713	0.009	0	0.00926479697227478	0.27729384721798667	0.98475313912081
714	0.009	0	0.008535278029739857	0.10116305249980691	0.24668728115821054
716	0.009	0	0.006025681272149086	0.16791003458912604	0.6392977174359803
717	0.009	0	0.006563293281942606	0.215528033507422	0.8037287872588136
721	0.009	0	0.00674924673512578	0.9152350025140424	3.33542687720077
722	0.009	0	0.00722988648340106	0.2137814759674412	0.7263700010031816
725	0.009	0	0.008393019437789917	0.1591683930327846	0.5582375972549688
732	0.009	0	0.008346018381416798	0.07643109139196966	0.26683366925386764
733	0.009	0	0.00794986542314291	0.1423409675289923	0.570252492770964
734	0.009	0	0.00654164282605052	0.04513302437215774	0.1559482469584131
737	0.009	0	0.010047723539173603	0.06442806468776044	0.26201426201067557
742	0.009	0	0.0076365782879292965	0.1444083153914587	0.7752941300128573
744	0.009	0	0.009254571981728077	0.2427779826346698	1.1508214201111473
749	0.009	0	0.007610009517520666	0.4842176238864091	2.9921393636820044
750	0.009	0	0.008054002188146114	1.4808646930371863	6.229323640755354
752	0.009	0	0.008195671252906322	0.4308691765470819	1.9247318879646151
753	0.009	0	0.00821971707046032	0.5497271368735979	2.373760487706869
754	0.009	0	0.010135204531252384	0.560500789587392	2.316760433412365
764	0.009	0	0.008432680740952492	0.5559064920303891	2.1559661956313834
765	0.009	0	0.007996334694325924	0.5383308189112803	1.7614412336227465
766	0.009	0	0.008098773658275604	0.390793963120889	1.0304861680251232
767	0.009	0	0.009463716298341751	0.0929693365608128	0.5428922377122056
779	0.009	0	0.007458405569195747	0.25911731153250384	0.9190099732532125
780	0.009	0	0.01512968260794878	0.3958534386335276	1.444959049834725
782	0.009	0	0.005421727430075407	0.09022934390548872	0.38401760008096214
785	0.009	0	0.007844085805118084	0.3140275332441084	1.7566916882422439
786	0.009	0	0.009072506800293922	0.4397650262754664	2.1730780438118473
788	0.009	0	0.006886151619255543	0.5608546370433077	2.4654738440137156
789	0.009	0	0.006454195361584425	0.11112692124266495	0.2007293088701902
790	0.009	0	0.006612471770495176	0.09077259034066788	0.35264109152909817
793	0.009	0	0.007091967388987541	0.21594505281553064	0.8697733438041456
794	0.009	0	0.007147904485464096	0.19655945735694766	0.5654066157533618
806	0.009	0	0.005741458851844072	0.48319119838510927	1.6038574208120442
807	0.009	0	0.010879280045628548	0.16658480852535915	0.7724017183077437
808	0.009	0	0.004163906443864107	0.20665467082279868	0.8132790584884886
809	0.009	0	0.007868075743317604	0.17445027689268255	0.5111334965403171
810	0.009	0	0.008714788593351841	0.18089877776441318	0.7218447439833227
811	0.009	0	0.010396070778369904	0.22004686308921984	0.8722956081668178
813	0.009	0	0.007651939056813717	0.24388476010795787	0.8612135274756412
814	0.009	0	0.008691556751728058	0.2352326436467584	0.6177573302955963
816	0.009	0	0.011322536505758762	0.3037519085580711	0.5357372880235467
817	0.009	0	0.007179537322372198	0.3155444248366792	0.7301385100970246
818	0.009	0	0.010381531901657581	0.10816981285265091	0.4093573868016103
826	0.009	0	0.007845885120332241	0.4704024065248313	2.1452539753246116
828	0.009	0	0.010657910257577896	0.4351738603382647	1.8446671986855088
829	0.009	0	0.00717126252129674	0.32207406745197165	1.3515828336665283
830	0.009	0	0.00919867679476738	0.2566309773043687	0.9799399686004067
833	0.009	0	0.009113428182899952	0.48649374134313966	2.0480978347255547
834	0.009	0	0.006760988850146532	0.36871227658283373	1.3788928715868394
835	0.009	0	0.009893328882753849	0.2791886644485055	0.9129124588721249
837	0.009	0	0.00825939979404211	0.5122041012687507	1.5944513832002896
838	0.009	0	0.008304007351398468	0.3898270117441341	0.9278912157714728
840	0.009	0	0.007754119113087654	0.31519488841672605	1.1418773459894445
841	0.009	0	0.009522921405732632	0.42272003617606224	1.0993507311990816
843	0.009	0	0.010290778242051601	0.4988664680272148	1.757020875465652
844	0.009	0	0.00785865169018507	0.29507456421333694	0.9996039635324401
845	0.009	0	0.0076016588136553764	0.30844259161787835	1.0677529162908155
846	0.009	0	0.007144078146666288	0.31489834069037004	0.9300733254252579
847	0.009	0	0.006503805052489042	0.21748590061661344	1.0268183394752355
848	0.009	0	0.0069177462719380856	0.3111051624692833	1.3681981541241661
850	0.009	0	0.00836827140301466	0.07533466265310518	0.1823995156053785
851	0.009	0	0.007473016157746315	0.1073927268574033	0.23549229094642557
853	0.009	0	0.005846530199050903	0.1727200648855549	0.8354104412267467
854	0.009	0	0.009861847385764122	0.24609125667096568	1.2134959015239155
857	0.009	0	0.008727195672690868	0.4163537293309887	1.7120132774759478
858	0.009	0	0.008906095288693905	0.756791872886498	2.725483367651478
859	0.009	0	0.006610534619539976	0.8264334119041428	3.065294753803586
860	0.009	0	0.009476346895098686	0.5828057634373917	2.2171860114353024
861	0.009	0	0.005745716858655214	0.2681505372621443	1.5287052214430488
864	0.009	0	0.008282308466732502	0.13880790307468469	0.30408931497971337
866	0.009	0	0.007525199558585882	0.17750528508668506	0.6500912767264903
867	0.009	0	0.008118832483887672	0.50611803451157	2.159582916260476
868	0.009	0	0.006912653800100088	0.4160276266821656	1.9406608908812757
869	0.009	0	0.006220200564712286	0.28180573005326864	1.6185825437831183
870	0.009	0	0.00754151726141572	0.2417250522553457	1.1751133364050361
871	0.009	0	0.005372941493988037	0.42734350221982115	1.6494060636160301
874	0.009	0	0.00849279947578907	0.45108645986540497	1.9361834123169603
874	0.009	0	0.00580360135063529	0.18097402563415488	1.080242275372738
875	0.009	0	0.010081232525408268	0.8599636905989989	1.990457334169917
875	0.009	0	0.009433677420020103	0.3173083229701698	1.5080915269474788
876	0.009	0	0.008296921849250793	0.1531719374145128	0.3752873073456927
877	0.009	0	0.009175988845527172	0.5358267463995707	1.482136484706906
878	0.009	0	0.009932286106050014	0.14765033875577693	0.6670566358199127
878	0.009	0	0.008162185549736023	0.27420805409133486	1.356507317437894
879	0.009	0	0.006900014355778694	0.4000481996052378	1.4904032749146132
879	0.009	0	0.00961498636752367	0.2878937423426456	1.2329944103991222
880	0.009	0	0.008045491762459278	0.16800064583572522	0.7616807730260883
880	0.009	0	0.006472020875662565	0.40387888052533727	1.3413641385316983
883	0.009	0	0.009262071922421455	0.3453214170629205	1.4725927346988033
884	0.009	0	0.007682174444198608	0.13763885349756178	0.6385247659922557
884	0.009	0	0.01707160845398903	0.8934770612119936	3.3261817998544156
885	0.009	0	0.008111503906548023	0.8282227654308842	2.801312415424006
886	0.009	0	0.008741654455661774	0.7465806589604732	2.8145811207803857
889	0.009	0	0.008543727919459343	0.28000809750539585	1.1581790779842114
889	0.009	0	0.007858376018702984	0.16638512989066395	0.6514877042672887
891	0.009	0	0.009279646910727024	0.19405397083674805	0.4870608861547621
892	0.009	1	0.00869266502559185	0.5835046644362334	2.441376231955916
893	0.009	0	0.007511349394917488	0.3883190652382098	1.1902409011688135
893	0.009	0	0.010119765065610409	0.6937464653599023	2.635918927696918
894	0.009	0	0.007730430923402309	0.9834535707792998	3.6681508171129322
897	0.009	0	0.009765248745679855	0.28788629080689676	1.0640668681197119
899	0.009	0	0.008156453259289265	0.31479037296941353	1.1377541586480298
900	0.009	0	0.008506428450345993	0.12051392019600844	0.2752427485248107
905	0.009	0	0.007036085706204176	0.3948642278965134	1.0634341373898755
905	0.009	0	0.005401178728789091	0.6319756204045509	2.5199434943828942
906	0.009	0	0.005960855167359114	0.14937195833112824	0.314721538264069
912	0.009	0	0.008801085874438286	0.4943391502663305	2.3095457820371186
914	0.009	0	0.00849578995257616	0.47325093961792625	1.3696435009117733
917	0.009	0	0.004819139838218689	0.13165123783572033	0.6441716539725844
919	0.009	0	0.004447334446012974	0.4118102140700844	1.2401769759887429
924	0.009	0	0.008364785462617874	0.2832454726802168	1.1710592492216796
927	0.009	0	0.009070704691112041	0.18555419545271393	0.7270586585532116
939	0.009	0	0.006353519856929779	0.25132097348582727	0.948297742988588
940	0.009	0	0.008754992857575417	0.2416405550624935	0.8436571811781762
941	0.009	0	0.00888726394623518	0.18930101690822407	0.49196415294546925
946	0.009	0	0.00878782570362091	0.06380560187704577	0.2617501066789358
947	0.009	0	0.006429013330489397	0.08966930640384814	0.28313080275320196
948	0.009	0	0.00925514567643404	0.0775891060538869	0.2248592275570847
955	0.009	0	0.005654939915984869	0.16046977181035071	0.7703212565121813
958	0.009	0	0.0059807030484080315	0.10273572928886143	0.46337218617512493
959	0.009	0	0.007305771112442017	0.19564803052262358	0.752644215113793
960	0.009	0	0.0071839867159724236	0.14195417361384313	0.3910383330829392
961	0.009	0	0.009368594735860825	0.18101393082921716	0.36056429863726586
967	0.009	0	0.0035207699984312057	0.21429720711421196	0.8564338272410306
968	0.009	0	0.008545705117285252	0.23722249202113807	0.5303560715765306
969	0.009	0	0.0027616482693701982	0.30552164104221563	1.39554790150876
970	0.009	0	0.005665343254804611	1.0180949101390917	3.8619374842167615
971	0.009	0	0.009924164041876793	0.5816916468246092	2.3790659668315297
977	0.009	0	0.007935220375657082	0.30258545634348	0.9185666711440854
977	0.009	0	0.005444345064461231	0.2280334049248804	0.6817300749647665
978	0.009	0	0.00694136880338192	0.16717379415351352	0.769756346702185
979	0.009	0	0.004905506037175655	0.1297463719398466	0.7484463493108022
981	0.009	0	0.009199819527566433	0.3231764096511562	1.2797592166437524
985	0.009	0	0.009938735514879227	0.23243838420618385	0.6762654675843842
986	0.009	0	0.007269552443176508	0.31870761911420076	1.67955401885967
987	0.009	0	0.007134489249438047	0.808894876836303	3.282083581651963
989	0.009	0	0.009412717074155807	0.2940958154608863	1.1399204073271019
991	0.009	0	0.008265001699328423	0.20656197137655471	0.707697756561924
993	0.009	0	0.009419032372534275	0.22847499412212446	0.8888947475098449
993	0.009	0	0.006658913567662239	0.2537477500267466	0.7000195139013292
994	0.009	0	0.010852700099349022	0.45110401157997504	1.5396573828120157
994	0.009	0	0.0070531475357711315	0.16632481557713175	0.8243934935125441
995	0.009	0	0.007526950910687447	0.22724098457822037	0.863406084877448
995	0.009	0	0.007438186556100845	0.1514416170164739	0.7155003594287187
996	0.009	0	0.008443602360785007	0.3665130934757722	1.3948741624737306
997	0.009	0	0.007851643487811089	0.30692607899405777	1.2479515985700582
998	0.009	0	0.008603822439908981	0.28716401796865665	1.2936063170698813
1001	0.009	0	0.006766479928046465	0.7397051533878428	2.6604717887521083
1001	0.009	0	0.007010829169303179	0.2024806885168444	0.4655677693751808
1002	0.009	0	0.007716327905654907	0.27575653380941434	1.4677233668095928
1002	0.009	0	0.010487198829650879	0.1736103138961679	0.7574418374037961
1003	0.009	0	0.012108826078474522	0.32838027808334613	1.89316125773732
1003	0.009	0	0.010286761447787285	0.22475830088880602	0.8491603058433037
1005	0.009	0	0.00829578097909689	0.8562792815556539	3.612418767810162
1008	0.009	0	0.009677344001829624	0.13882331632807238	0.5078052419301178
1008	0.009	0	0.011480058543384075	0.2987733734779841	0.4611049880983366
1010	0.009	0	0.010368560440838337	0.5699499091542807	2.440027037984926
1011	0.009	0	0.007429895922541618	0.22712190136583216	1.4754798604014685
1012	0.009	0	0.004016425460577011	0.45418059110084885	2.59715457818493
1014	0.009	0	0.0075551411136984825	1.0547840850175485	4.364851764277199
1014	0.009	0	0.009894154034554958	0.15071022937889741	0.399001747041982
1015	0.009	0	0.007136962376534939	0.19916012651919465	0.5327150563019806
1016	0.009	0	0.007980896160006523	0.18203443125770016	0.6056305106195119
1017	0.009	0	0.008395564742386341	0.29539530768727534	1.1351898564757368
1019	0.009	0	0.008779547177255154	0.2019503194596967	0.42008284052678274
1020	0.009	0	0.008186502382159233	0.21148888362417217	0.6140996451710414
1021	0.009	0	0.005329528823494911	0.332795979075999	1.098988293923838
1022	0.009	0	0.008796255104243755	0.08420654355679405	0.40598874566101173
1023	0.009	0	0.007142397575080395	0.45220733190417955	1.4070395970785092
1023	0.009	0	0.008048051036894321	0.10917825092573583	0.4901884802503202
1024	0.009	0	0.007816686294972897	0.44742521420165715	1.3092233063111438
1024	0.009	0	0.003195290919393301	0.21458402065672016	0.8494207337468513
1025	0.009	0	0.0077859023585915565	0.05942980972825462	0.33147233313160357
1026	0.009	0	0.007593865040689707	0.34437212973105397	1.3999115389031722
1026	0.009	0	0.007731556426733732	0.09715594403791855	0.4396761702715069
1027	0.009	0	0.007837733253836632	0.2624361663696731	1.0540125252438817
1028	0.009	0	0.005045054014772177	0.594894435001981	2.3422453741396985
1029	0.009	0	0.008566942997276783	0.231492880104915	0.8162639836673804
1030	0.009	0	0.010604403913021088	0.2850129739314247	1.0145975435621237
1032	0.009	0	0.006000773515552282	0.1986655053717714	0.6531367602046144
1033	0.009	0	0.008853569626808167	0.14862088635796034	0.5497483870130581
1033	0.009	0	0.00756687019020319	0.05027232882887937	0.21632027234283746
1034	0.009	0	0.010558935813605785	0.7228900053437287	1.9179380206078687
1035	0.009	0	0.0023203997407108545	0.1625903251494854	0.6295051259705862
1036	0.009	0	0.007998616434633732	0.3866726779217925	1.032807766367143
1037	0.009	0	0.00816280022263527	0.19410774223986596	0.38193044810044163
1038	0.009	0	0.009853417985141277	0.08642335487925758	0.35217389728514126
1040	0.009	0	0.007420615293085575	0.19769451913878808	0.6005667905307397
1040	0.009	0	0.006404394283890724	0.1472426775309951	0.5608453795475442
1041	0.009	0	0.006561638321727514	0.3289599013089008	1.0580921677147894
1042	0.009	0	0.010238336399197578	0.3237279754290125	0.995517576513819
1043	0.009	0	0.0064813243225216866	0.4282118156221494	1.147040837418983
1045	0.009	0	0.008597192354500294	0.09319905691047438	0.3954472111687755
1046	0.009	0	0.00895861815661192	0.12035259093112138	0.4664362234777036
1047	0.009	0	0.0064544957131147385	0.08697380357115485	0.14147286770448847
1048	0.009	0	0.00767497019842267	0.08906131531328645	0.38630018882377976
1050	0.009	0	0.006939509883522987	0.08718218687658318	0.26627307398600114
1051	0.009	0	0.005737911444157362	0.11183525462900386	0.21150423494048515
1052	0.009	0	0.006326101720333099	0.14730540422693922	0.3954124940335246
1055	0.009	0	0.0058618453331291676	0.27790743544007934	1.2441432102453416
1055	0.009	0	0.009654450230300426	0.10150006581832693	0.4116828135065843
1056	0.009	0	0.008912276476621628	0.4117319417626287	1.2883844238891542
1056	0.009	0	0.009154477156698704	0.035382845704858765	0.09473666426006659
1057	0.009	0	0.007391237188130617	0.13188631927735464	0.5577750065028295
1058	0.009	0	0.006112715695053339	0.4414826483376072	2.1503960135290887
1058	0.009	0	0.006624679081141949	0.11124883212886434	0.4223617901760752
1061	0.009	0	0.010704418644309044	1.028262559167793	4.110290104117943
1062	0.009	0	0.0075684962794184685	0.3822635954895237	0.9388830557122448
1062	0.009	0	0.009531885385513306	0.10795143008223936	0.522159694173996
1065	0.009	0	0.004394320771098137	0.5324922501302085	1.3764789495800427
1068	0.009	0	0.009484882466495037	0.14729519576651764	0.6037951221788111
1069	0.009	0	0.007913505658507347	0.2115990579086833	0.8852289859671625
1070	0.009	0	0.008450105786323547	0.1534843364658047	0.674897104838409
1071	0.009	0	0.008896258659660816	0.08014457133997246	0.46937906744602786
1072	0.009	0	0.008705338463187218	0.12739889051443465	0.6715149164201399
1073	0.009	0	0.007717362139374018	0.2537781116413272	1.0828015881464734
1075	0.009	0	0.004672657232731581	0.26228244137507584	1.1119734648462678
1076	0.009	0	0.0083975400775671	0.31788634102262253	1.2748712715400623
1083	0.009	0	0.005672549828886986	0.08049093943696663	0.41616408219446116
1085	0.009	0	0.008199709467589855	0.01953972192976064	0.09508835368492956
1086	0.009	0	0.004629406612366438	0.11704272782396086	0.409088988940954
1088	0.009	0	0.008664485067129135	0.01781744764139786	0.0607943950089826
1089	0.009	0	0.007713085971772671	0.017250328222231864	0.04163511122716255
1091	0.009	0	0.009406687691807747	0.05094092604636585	0.2548322359458822
1093	0.009	0	0.009970367886126041	0.08026069712715381	0.3333551790666617
1094	0.009	0	0.00794112030416727	0.22311933899550168	0.7579460028224128
1095	0.009	0	0.0074959443882107735	0.3195155118189913	1.1023308254716109
1097	0.009	0	0.00807911716401577	0.07803171460659908	0.22679206987142397
1097	0.009	0	0.008935915306210518	0.03352890429161824	0.18189060887027916
1098	0.009	0	0.008007312193512917	0.589558393758147	2.1335547008511493
1099	0.009	0	0.007804498542100191	0.5941443573264874	2.0586353758797253
1099	0.009	0	0.007062118966132402	0.06856685979130167	0.2305327015686502
1100	0.009	0	0.007849563844501972	0.4707250734075784	1.5731818469050753
1100	0.009	0	0.0065303985029459	0.006957329326455688	0.01623166988950901
1101	0.009	0	0.009231665171682835	0.017252699800718536	0.07488166440413051
1104	0.009	0	0.00840128306299448	1.1801194981190264	4.365160389948579
1106	0.009	0	0.009339699521660805	0.38823983920591293	1.2789524910327972
1109	0.009	0	0.009367735125124454	0.313383061453768	1.4048649604737236
1111	0.009	0	0.008390401490032673	0.21180119014112608	1.0259622806349156
1115	0.009	0	0.006305779796093702	0.2843691413873965	0.812396502531322
1116	0.009	0	0.006575633306056261	0.2370478244537949	0.8737877835280521
1118	0.009	0	0.005976914428174496	0.08456621836251348	0.41865035239186715
1119	0.009	0	0.007872922345995903	0.4688921892526638	1.8468754245656966
1120	0.009	0	0.008828850463032722	0.6160488017064628	2.118798391812936
1121	0.009	0	0.00689559755846858	0.38987943309078577	1.6022177489984253
1122	0.009	0	0.007645181380212307	0.5026499891436412	1.866452619248214
1123	0.009	0	0.006534245330840349	0.32898727810725364	1.8924400747143617
1124	0.009	0	0.008907226845622063	0.4466918058911571	1.841706027210243
1126	0.009	0	0.010409186594188213	0.23743249137801933	1.0249346426802086
1127	0.009	0	0.008478989824652672	0.14500349725932457	0.2774907161907677
1129	0.009	0	0.009367302991449833	0.1682068909703574	0.2080259833794505
1130	0.009	0	0.010069622658193111	0.2558684206426343	0.8576241897350478
1131	0.009	0	0.00644814083352685	0.6034451897933373	1.7837299184490938
1132	0.009	0	0.009440856985747814	0.8936379159829956	2.3738798011394264
1132	0.009	0	0.004435775335878134	0.06316486279214553	0.1176493593154516
1133	0.009	0	0.006990622263401747	0.43896002421782604	1.4790459762700299
1134	0.009	0	0.006575302220880985	0.3646127577889627	0.9980515251835915
1134	0.009	0	0.00891683716326952	0.12534254235300774	0.5409718918697504
1135	0.009	0	0.008241359144449234	0.4511535962803454	1.5133059818372114
1136	0.009	0	0.007626072969287634	0.4786587229012574	1.5232472570616944
1140	0.009	0	0.005491847638040781	0.05299057992913149	0.24070728164511748
1142	0.009	0	0.005973714403808117	0.17070609136775616	0.4803568211921901
1144	0.009	0	0.005735757295042276	0.346183109622769	1.295243152665765
1146	0.009	0	0.009844996966421604	0.07710134752796437	0.12546258724693177
1151	0.009	0	0.005581846926361322	0.38496047798204913	1.515209055194637
1153	0.009	0	0.005391482729464769	0.1345587151317843	0.6337228097034596
1158	0.009	0	0.008182869292795658	0.38460567286474623	1.3951545513460786
1161	0.009	0	0.007497815415263176	0.3619056570183726	1.550683886233602
1162	0.009	0	0.007107595447450876	0.2923114984456385	1.4084378424736845
1165	0.009	0	0.009683176875114441	0.31412450799869807	1.317546326893437
1168	0.009	0	0.005941196344792843	0.23213912812928814	1.007592625241804
1169	0.009	0	0.010242687538266182	0.3418862196968599	1.3185080439345254
1173	0.009	0	0.010819707997143269	0.4750237507332485	1.4811052953110198
1174	0.009	0	0.007138138636946678	0.27313325956328394	1.1584925345828476
1177	0.009	0	0.010371393524110317	0.35141220577134974	1.391244634205437
1180	0.009	0	0.010814240202307701	0.09611714040189097	0.3213831688282185
1181	0.009	0	0.008520619012415409	0.1711622946328289	0.9540568384862265
1198	0.009	0	0.0034435030538588762	0.0982641064304348	0.4085964416428017
1199	0.009	0	0.005541576538234949	0.19009118069825584	0.6191836171942897
1200	0.009	0	0.006981066428124905	0.14166837745561925	0.6675516902595544
1201	0.009	0	0.007402092684060335	0.18045156149774383	1.0286182177961274
1207	0.009	0	0.006657170597463846	0.22566915546577576	0.802691579607991
1208	0.009	0	0.007078296504914761	0.137316679991415	0.5302423863335501
1209	0.009	0	0.00499070854857564	0.06647872602303322	0.2489078737860521
1210	0.009	0	0.00830619316548109	0.06341791035963189	0.18254387677341755
1211	0.009	0	0.009837140329182148	0.05866208077904763	0.20084848434664868
1218	0.009	0	0.006279295776039362	0.20437476630694348	1.001918338299057
1223	0.009	0	0.007004421204328537	0.19002487117597053	0.7737112127943846
1225	0.009	0	0.007238688413053751	0.4195091027477361	2.0099889192629616
1234	0.009	0	0.008808734826743603	0.23706636190604602	0.7191275491162626
1235	0.009	0	0.007221148815006018	0.06371299592440316	0.1534989284605556
1236	0.009	0	0.009537945501506329	0.12461371432042283	0.72186710033514
1237	0.009	0	0.0037058130837976933	0.3118363322673283	1.5963074717731196
1242	0.009	0	0.0080495560541749	0.38556271010526644	1.1722659647736766
1247	0.009	0	0.009609822183847427	0.25556936981938205	1.5441254694019964
1253	0.009	0	0.010293517261743546	0.49444961023968853	1.6081074813081
1264	0.009	0	0.010938728228211403	0.4404754797904279	1.8713798994111361
1265	0.009	0	0.005076841451227665	0.4231235991669443	1.7107902113413367
1266	0.009	0	0.009333503432571888	0.40909599648279527	1.4242946986260672
1267	0.009	0	0.006628034170717001	0.37506774500819795	0.9036323725824383
1268	0.009	0	0.005466706585139036	0.1562936698244677	0.625024668567709
1269	0.009	0	0.00758333969861269	0.4598199004277135	1.997816106192732
1270	0.009	0	0.007505457382649183	0.5649979797298315	2.315793849271912
1271	0.009	0	0.007010122295469046	0.25775658836419657	1.128400642290323
1272	0.009	0	0.007617535535246134	0.2911894277913846	1.383997561567439
1286	0.009	0	0.007401851937174797	0.7899204377872361	3.426735992077556
1294	0.009	0	0.007226123474538326	0.15919238573454508	0.8741006907433901
1307	0.009	0	0.008471135050058365	0.20430427733341153	0.7840923485277045
1313	0.009	0	0.008994542062282562	0.5054252302490398	1.5008635858883996
1316	0.009	0	0.008457659743726254	0.4092123609427276	1.5696654298474995
1318	0.009	0	0.0087899686768651	0.31685761658067857	1.1544671917148823
1337	0.009	0	0.00794114451855421	0.18496966056142689	0.4057552365238073
1338	0.009	0	0.008181536570191383	0.21558020366030398	1.0435238439170826
1340	0.009	0	0.007330210879445076	0.8453060718590406	3.007600120749695
1350	0.009	0	0.009286216460168362	0.2767274484270083	1.030078268701846
1351	0.009	0	0.009799227118492126	0.14209890411208317	0.5996628209343923
1353	0.009	0	0.006899369414895773	0.24448501109676196	0.7566932764477298
1362	0.009	0	0.009445440955460072	0.16636762260901006	0.5344233072361685
1367	0.009	0	0.009278973564505577	0.10150771490668321	0.3761280922065719
1375	0.009	0	0.008656851015985012	0.07625752902927116	0.2979473970873464
1376	0.009	0	0.008194023743271828	0.1476033496588316	0.38925934516558136
1378	0.009	0	0.00947368424385786	0.18498291907864534	1.076760365708076
1381	0.009	0	0.009522641077637672	0.24438779572609778	0.9188342082475137
1383	0.009	0	0.007880758494138718	0.42388631243932007	1.395292521417816
1388	0.009	0	0.009173871017992496	0.2570617352406971	1.0142894075982867
1389	0.009	0	0.008120766840875149	0.5037002899774481	2.0003169560007747
1390	0.009	0	0.008287430740892887	0.47455674718033325	1.7139539825087209
1391	0.009	0	0.008384200744330883	0.25320825759889753	1.099116647036095
1393	0.009	0	0.006568132899701595	0.41557337692875634	1.4267129377181622
1398	0.009	0	0.0067606777884066105	0.18556073941317988	0.950245371937335
1399	0.009	0	0.006519229616969824	0.3546910369710657	1.4329486404350518
1400	0.009	0	0.006719451863318682	0.41658250143213493	1.6729148627964234
1401	0.009	0	0.01130750309675932	0.497027871368251	2.1802445732129043
1404	0.009	0	0.008090698160231113	0.7790325646597083	3.285841122293899
1405	0.009	0	0.005607522092759609	0.4226883928957336	1.6559249250844243
1411	0.009	0	0.00820253323763609	0.5415550050148742	2.300491525689698
1412	0.009	0	0.007731222547590733	0.2579947891787572	1.2096650340559372
1413	0.009	0	0.005788231268525124	0.20556302995970496	1.0347435885169916
1414	0.009	0	0.008497779257595539	0.2506896855833808	1.081021348579608
1417	0.009	0	0.007667419034987688	0.48559247170920744	1.6520072210587047
1418	0.009	0	0.007611572742462158	0.3355612364005716	1.354541357214538
1419	0.009	0	0.007298605982214212	0.1881449008086014	0.9315711856963957
1421	0.009	0	0.005204380955547094	0.36988657609273334	1.6465450849535268
1422	0.009	0	0.008106011897325516	0.24309507825752988	1.0253218024032993
1423	0.009	0	0.007742482703179121	0.21294021932054882	0.9397019773943124
1425	0.009	0	0.008543407544493675	0.2403670050600676	0.947995923661443
1433	0.009	0	0.007291274610906839	0.13912767566799916	0.3081188711162321
1445	0.009	0	0.008228937163949013	0.2354871146909532	0.5021130014786296
1447	0.009	0	0.0054896119982004166	0.2173493172042545	0.4096593553036259
1448	0.009	0	0.009723641909658909	0.3056758442028536	1.1469279496459301
1449	0.009	0	0.006414991803467274	0.3621485424151641	1.5661515069850758
1450	0.009	0	0.007604127749800682	0.5586805820556917	1.8387081567969024
1452	0.009	0	0.01015513762831688	0.2052296535230596	0.6458697308605047
1453	0.009	0	0.007870785892009735	0.1952497779321504	0.615097031692782
1455	0.009	0	0.009864561259746552	0.20386376002394493	0.8870617067771891
1456	0.009	0	0.007831026799976826	0.4473070324980408	1.602074370346828
1458	0.009	0	0.007651939056813717	0.18253743073896503	0.617419856248453
1459	0.009	0	0.008386730216443539	0.25978085776339715	1.0004598467950703
1462	0.009	0	0.003924342803657055	0.4467500736173211	1.7798994087265574
1469	0.009	0	0.007192600052803755	0.4174106335729713	1.1622557786101777
1470	0.009	0	0.009000439196825027	0.6995909215079469	3.2084431729897767
1471	0.009	0	0.0077424426563084126	0.38951679653004506	0.9201564882942774
1478	0.009	0	0.00790469255298376	0.27917934900165725	1.0272718196255846
1479	0.009	0	0.006330419331789017	0.6034530843746728	2.338115986514643
1480	0.009	0	0.007536916062235832	0.6065769212869995	2.037702635848358
1482	0.009	0	0.007703624665737152	0.1188222386310035	0.6264125878433581
1486	0.009	0	0.008781182579696178	0.24482501760472056	0.6580805788676971
1487	0.009	0	0.009212572127580643	0.06064717347886814	0.4900538756727487
1488	0.009	0	0.00663205049932003	0.13621893473340882	1.0771069003190643
1489	0.009	0	0.01131180115044117	0.16780402954605128	0.2865294315994358
1490	0.009	0	0.008255722001194954	0.2796277660962839	0.9240720423374946
1492	0.009	0	0.004897944163531065	0.07977564954142596	0.3577357947360294
1496	0.009	0	0.004878716077655554	0.24796852706191932	1.5478791432387367
1497	0.009	0	0.008742171339690685	0.32924348909153534	1.6744281464565935
1498	0.009	0	0.005773705895990133	0.6935289460640989	2.7429329822034654
1505	0.009	0	0.008649967610836029	0.04388425932297048	0.05426727656109207
1506	0.009	0	0.00844094343483448	0.13104426060029006	0.46199855026050524
1508	0.009	0	0.006248145829886198	0.05583952418499532	0.2534048488912553
1509	0.009	0	0.008504778146743774	0.08884788356532682	0.34442384302038637
1510	0.009	0	0.011953448876738548	0.03529869938727571	0.1151617532863812
1514	0.009	0	0.008093077689409256	0.10402792071885651	0.38202555688811285
1516	0.009	0	0.006580446846783161	0.06610852761795856	0.21444604299570702
1519	0.009	0	0.008449644781649113	0.18082776543241297	0.6612603096039942
1520	0.009	0	0.008630886673927307	0.10605421830300249	0.24832415055714366
1521	0.009	0	0.006121739279478788	0.1718820449925714	0.6588546948189243
1526	0.009	0	0.004984383005648851	0.024901518129692185	0.0572577515988842
1528	0.009	0	0.010666071437299252	0.0566437169245733	0.16942098489156268
1531	0.009	0	0.011053934693336487	0.17181117477122818	0.6792753228690799
1532	0.009	0	0.0060601187869906425	0.10057948219299445	0.5540937371500253
1533	0.009	0	0.007496091537177563	0.16180016740471356	0.7791863003067449
1535	0.009	0	0.007126970216631889	0.36203120129792776	1.2563098172267164
1541	0.009	0	0.007616924121975899	0.14207899881285468	0.4251715920035287
1545	0.009	0	0.006570197641849518	0.16006783417161893	0.35122679487890435
1546	0.009	0	0.009420684538781643	0.0937621415743769	0.6011163598059629
1547	0.009	0	0.0084563959389925	0.19332218261635675	0.8421509466197585
1548	0.009	0	0.008883814327418804	0.2483048937112486	0.8800585779767901
1554	0.009	0	0.007841493934392929	0.2442413295696605	1.0466462808475911
1555	0.009	0	0.007018659729510546	0.13357952278167776	0.7184643633618037
1562	0.009	0	0.010419586673378944	0.1575387683547381	0.6504637104325178
1563	0.009	0	0.007735219318419695	0.1042171971745782	0.3407530817235733
1564	0.009	0	0.006898131221532822	0.10434183241804018	0.48895684289246993
1565	0.009	0	0.006020350847393274	0.17273007131158927	0.5353482805673643
1566	0.009	0	0.00783560425043106	0.3447403263975766	0.733333428375354
1568	0.009	0	0.0061577740125358105	0.10236705737449257	0.24556684181220037
1569	0.009	0	0.009302026592195034	0.127558598623918	0.6942461954629902
1570	0.009	0	0.008011867292225361	0.18767193392031065	0.8267215956009742
1571	0.009	0	0.007262133061885834	0.31331156669066357	0.9522894827103275
1572	0.009	0	0.006642449647188187	0.2257143883008803	0.9039296551970503
1573	0.009	0	0.009878801181912422	0.4939370123857087	1.6288854301771898
1576	0.009	0	0.010070187039673328	0.2955622021360954	0.923739413741566
1581	0.009	0	0.0076582347974181175	0.19584644320658756	0.6853199703176678
1587	0.009	0	0.008910899050533772	0.4596188605153317	1.6019835408946763
1590	0.009	0	0.0085420748218894	0.21264431678223442	0.7495804135632006
1595	0.009	0	0.006705309730023146	0.08314497400839596	0.43315668445208033
1606	0.009	0	0.006822405848652124	0.5085236559294367	1.9149658195157548
1607	0.009	0	0.005705208983272314	0.25212490369918616	1.061229399482494
1608	0.009	0	0.00763757573440671	0.27058939034884005	1.4562575614250368
1609	0.009	0	0.002225645584985614	0.4349580668424868	2.4284820416326642
1610	0.009	0	0.007933486253023148	0.6779681727998726	3.230906803293048
1611	0.009	0	0.009968160651624203	0.5878367263217837	3.054840411873523
1612	0.009	0	0.006691190879791975	0.3228491890042485	1.615442578725424
1613	0.009	0	0.008405337110161781	0.34101609893975765	1.5374357766652231
1614	0.009	0	0.007786408066749573	0.4341210144725188	1.4925592145142126
1615	0.009	0	0.00810878723859787	0.5070596558893579	1.965958252293791
1616	0.009	0	0.010113203898072243	0.4585147592063795	1.7980135272136002
1617	0.009	0	0.008121050894260406	0.5403760713158224	1.7692564651884388
1619	0.009	0	0.007566594984382391	0.24577508779731438	0.6943550886185829
1620	0.009	0	0.008649487979710102	0.19208221566212524	0.445178382981699
1621	0.009	0	0.008721443824470043	0.5990043639257585	2.601224920880888
1622	0.009	0	0.00845039077103138	0.9611061088288299	3.3479397038707743
1623	0.009	0	0.010227354243397713	0.5242250200903571	2.1172014863750874
1625	0.009	0	0.008092004805803299	0.17496449475614906	0.5812272186656613
1626	0.009	0	0.007101538125425577	0.19176171480282045	0.5982770725499125
1628	0.009	0	0.0076082618907094	0.2893430304798464	1.442501930465222
1629	0.009	0	0.008150716312229633	1.000586868103843	4.020301878498417
1630	0.009	0	0.007784352172166109	0.5533849783088591	2.286436952427459
1633	0.009	0	0.005578105803579092	0.244953456051947	0.7077926859147343
1637	0.009	0	0.00809331052005291	0.28380984255000014	1.431617984192684
1640	0.009	0	0.007446023635566235	0.2654765191706501	1.0253898492851126
1641	0.009	0	0.0076643056236207485	0.2664155818490737	1.0222668844676621
1645	0.009	0	0.005161363165825605	0.27341724151182717	1.7291785643051587
1647	0.009	0	0.007340668700635433	0.21501194297429074	1.0679959432539106
1650	0.009	0	0.005788111127912998	0.08778687712364866	0.3942490753833039
1651	0.009	0	0.00716836703941226	0.16752640355061765	0.7527774989536176
1655	0.009	0	0.0076363873668015	0.3100545461773234	1.5352086385799297
1656	0.009	0	0.007360925432294607	0.22822037836554648	0.8993185076458906
1658	0.009	0	0.0063216774724423885	0.11679067098080143	0.36628712725452184
1663	0.009	0	0.0068332296796143055	0.7600700984954555	2.542519476097777
1664	0.009	0	0.009501426480710506	0.44443414199280984	1.4526299098488047
1665	0.009	0	0.006946208421140909	0.32916102597260755	1.1664490974299042
1673	0.009	0	0.005193723831325769	0.30887398837714997	1.051486846344276
1678	0.009	0	0.01024916023015976	0.619216729193149	2.79364956440656
1681	0.009	0	0.007564819883555174	0.2335561766293432	1.0962675975009766
1682	0.009	0	0.006380597595125437	0.29998703705274105	1.266667217889309
1689	0.009	0	0.007866227068006992	0.20997314171317913	1.0111070421798058
1696	0.009	0	0.008077114820480347	0.172738030266971	0.6195013149230393
1699	0.009	0	0.0066352891735732555	0.1392223851232092	0.49401722734704073
1700	0.009	0	0.009488699026405811	0.2968282302128558	0.9963744378416134
1705	0.009	0	0.011013213545084	0.20623946410157745	0.8346920269284134
1706	0.009	0	0.007497118785977364	0.27465142188032854	1.072261680667125
1709	0.009	0	0.007962491363286972	0.10724674452305602	0.3245400466209698
1714	0.009	0	0.009103161282837391	0.1534254731012124	0.4248200636923119
1719	0.009	0	0.008364586159586906	0.269614870497563	1.0870881884226768
1729	0.009	0	0.009249459020793438	0.16180280605466493	0.5080922019112549
1731	0.009	0	0.004423230886459351	0.1997197531419399	0.7089294830891762
1732	0.009	0	0.008038152009248734	0.0456255724495068	0.10734396330407496
1733	0.009	0	0.008594977669417858	0.08580194528831221	0.3089868934157168
1743	0.009	0	0.006863290909677744	0.07970348971112225	0.2472303203080164
1744	0.009	0	0.010467451065778732	0.21744651396168924	0.606004422481433
1751	0.009	0	0.006787938065826893	0.06341608450222035	0.2932162124617587
1752	0.009	0	0.006229928694665432	0.18227503750309546	0.5565060505374649
1760	0.009	0	0.008215132169425488	0.09041508229246961	0.17919190320051254
1761	0.009	0	0.005898494739085436	0.11095614319663741	0.3114871031664631
1763	0.009	0	0.005363821983337402	0.2657705853738241	1.1801892388449233
1764	0.009	0	0.008124236948788166	0.2848293676592909	1.092787843708447
1765	0.009	0	0.007695671636611223	0.11399368915017837	0.32685603447569805
