scene_id	sigma	col	noise_norm	ade	fde
0	0.003	0	0.0014326004311442375	0.14992049265863058	0.5623788023170729
1	0.003	0	0.003550513880327344	0.18212828401538594	0.736302034433807
2	0.003	0	0.0026805284433066845	0.17150148522608244	0.6589158492554771
3	0.003	0	0.002621156396344304	0.2682827855663918	1.0137583402476646
3	0.003	0	0.0028120672795921564	0.14333415969417412	0.5251145301545376
4	0.003	0	0.0021934821270406246	0.6128916337490024	1.5160001993822092
4	0.003	0	0.0029979050159454346	0.08871805206381878	0.19741986973838532
5	0.003	0	0.0021780224051326513	0.27752531647522494	1.0512102366164813
5	0.003	0	0.002179399598389864	0.2642762617172979	0.4061756075314043
5	0.003	0	0.0018476791447028518	0.21447067691743046	0.8588783940944141
6	0.003	0	0.00265861046500504	0.07550631915431986	0.19272610483706562
6	0.003	0	0.0013362850295379758	0.790896133568449	2.725623132102669
6	0.003	0	0.0030238789040595293	0.1569340787153909	0.7319836119494045
7	0.003	0	0.0026539203245192766	0.6168101022741949	1.6566696848237816
8	0.003	0	0.002550771227106452	0.2532813881895197	1.011710939113159
8	0.003	0	0.0026776951272040606	0.7672383671948848	2.4499802908852177
9	0.003	0	0.0015974518610164523	0.19610206290587034	0.7022240665519538
9	0.003	0	0.002838829532265663	0.25577151978494117	0.8306915202851434
10	0.003	0	0.001923512201756239	0.2151395965323347	0.8737287168584275
10	0.003	0	0.0017220193985849619	0.4536322979495933	1.8758352637307891
10	0.003	0	0.002345514018088579	0.18720869746140403	0.8036169083210424
11	0.003	0	0.00340598588809371	0.3895769281153867	1.8234650263346062
11	0.003	0	0.0022406638599932194	0.15751206300661283	0.5751890854767436
11	0.003	0	0.002059852471575141	0.1741025345514044	0.9280263012378518
12	0.003	0	0.0027809101156890392	0.46008657242753825	1.9140770644585678
12	0.003	0	0.002327682450413704	0.6998137647165161	2.033344719658629
12	0.003	0	0.0013792217941954732	0.15698614898805602	0.8696605734741566
13	0.003	0	0.0024806540459394455	0.46592812399819034	1.9206406539592766
13	0.003	0	0.0027786861173808575	1.057172880793507	3.661494006362909
14	0.003	0	0.0028238045051693916	0.29908446789441645	1.3848447461092035
14	0.003	0	0.0017975112423300743	0.47749582607688573	1.8178343003638342
15	0.003	0	0.0022471805568784475	0.27564381729036813	1.3721471919320893
15	0.003	0	0.0022588588763028383	0.49908720078847885	1.8982870663735427
16	0.003	0	0.002000454580411315	0.48903355757160516	2.071818129921319
16	0.003	0	0.0028879728633910418	0.19445625355067425	0.7769585667340342
17	0.003	0	0.0018943825270980597	0.5666458627491094	2.05318763271323
17	0.003	0	0.0026932908222079277	0.540844248000479	2.082363118448252
17	0.003	0	0.0027143678162246943	0.17564972384041735	0.9248277802544828
18	0.003	0	0.0023642205633223057	0.2925283356943271	1.183507810890831
18	0.003	0	0.0029608404729515314	0.28461738891655586	1.212367219479661
19	0.003	0	0.0025872201658785343	0.11463323470383639	0.5616195922154311
19	0.003	0	0.0030743423849344254	0.6875732617285223	2.9439564174186104
20	0.003	0	0.0025077604223042727	0.29073983189097724	1.0282328704992136
20	0.003	0	0.0024902131408452988	0.39146440309409847	1.4480974479863131
21	0.003	0	0.0015087210340425372	0.4224267056330651	1.7725844144360763
21	0.003	0	0.002248138189315796	0.4100202014289214	1.3892293043028772
22	0.003	0	0.0021641685161739588	1.0664601140299022	3.271052351061937
23	0.003	0	0.0030701234936714172	0.5183899492716252	1.7600384139664265
24	0.003	0	0.0012909868964925408	0.28257335321098287	1.5482423000899226
24	0.003	0	0.002609598683193326	0.0546747623128306	0.24015716068210274
26	0.003	0	0.003600324969738722	1.0127976221417527	4.280788203365605
27	0.003	0	0.0038381817284971476	1.0121422345352111	4.160441335632725
28	0.003	0	0.0029933189507573843	0.17736963037972328	0.5724901732299611
29	0.003	0	0.002356133423745632	0.0324584961937886	0.07904849791828032
30	0.003	0	0.002386797219514847	0.6804899883819989	2.1603937975432226
31	0.003	0	0.002892984077334404	0.28136799629353193	0.8265114888508206
31	0.003	0	0.003205647459253669	0.06956566907663819	0.3304348867931249
32	0.003	0	0.0026928475126624107	0.27036501521737194	0.7870872900778125
33	0.003	0	0.0032193551305681467	0.2474898953594242	0.7630291285021468
34	0.003	0	0.003234731499105692	0.25399307004145466	1.1374369037090022
35	0.003	0	0.0016871296102181077	0.2197511349262593	0.6717143309048854
35	0.003	0	0.0030725705437362194	0.21896841632755354	0.8295647512817
36	0.003	0	0.0029626621399074793	0.14700649615417558	0.3445893658939875
36	0.003	0	0.0022731963545084	0.11560572266886189	0.3961630041425877
37	0.003	0	0.00229022279381752	0.7385700889360679	2.2534659670997623
38	0.003	0	0.0031087908428162336	0.4691699521009342	1.27876456239419
39	0.003	0	0.0025691187474876642	0.2876049260875475	0.7637172822036763
40	0.003	0	0.001970055513083935	0.07187989990469837	0.22873266128897682
40	0.003	0	0.002380749210715294	0.25147737277972315	0.5334486147786401
41	0.003	0	0.0023358874022960663	0.22410702448523862	0.27133243774056476
42	0.003	0	0.0032305808272212744	0.3755703251576297	1.3361864151791432
43	0.003	0	0.003228365909308195	0.20308143304951826	0.5589043673606993
44	0.003	0	0.002313393633812666	0.1191221756266592	0.529049697467826
44	0.003	0	0.0021580341272056103	0.20905121458988918	0.6936602431713123
44	0.003	0	0.00215744087472558	0.22342193063444776	0.33174202354067395
45	0.003	0	0.002942814026027918	0.3402808360787138	0.8989209794053885
45	0.003	0	0.002379093086346984	0.15183951247560667	0.8865457797334165
49	0.003	0	0.002244160044938326	0.14550008344802226	0.5779222405586385
49	0.003	0	0.002093537477776408	0.4627141364338422	1.729273189111489
50	0.003	0	0.0029114759527146816	0.17190002535763213	0.5452777200483812
50	0.003	0	0.0025525132659822702	0.3550505905496498	1.314145924749613
51	0.003	0	0.003061959519982338	0.2967975481303706	1.041634243584689
52	0.003	0	0.002999901073053479	0.13407290621501422	0.5463498590238768
52	0.003	0	0.0031016813591122627	0.26295840286145755	0.8600451797979455
54	0.003	0	0.0013261135900393128	0.21077919980187365	0.7949297219809446
54	0.003	0	0.002106943866237998	0.40121631165761396	2.0003322214853094
55	0.003	0	0.002368196379393339	0.49669000740224856	2.036583592242099
56	0.003	0	0.002255878644064069	0.38557167421885713	1.430497630535137
57	0.003	0	0.0024402854032814503	0.40390023173217593	1.6074013005368744
58	0.003	0	0.0019781345035880804	0.3465391146847893	1.1430060711938095
60	0.003	0	0.002590887015685439	0.41221843539077274	1.479185995744269
60	0.003	0	0.002879042411223054	0.4945653072210515	2.204472675223965
61	0.003	0	0.0025920048356056213	0.10803246921923779	0.27370221599244876
61	0.003	0	0.0030662897042930126	0.44018144447860474	1.9136847800785741
62	0.003	0	0.003121143439784646	0.08051659828480429	0.3055653859042419
62	0.003	0	0.0027168297674506903	0.3333784905898628	1.3393912010333477
63	0.003	0	0.0021195188164711	0.14427638219244615	0.5075982060250196
63	0.003	0	0.003088500816375017	0.4486513573261896	1.733730679279298
64	0.003	0	0.0016026446828618646	0.12527898365087958	0.40720385234752515
65	0.003	0	0.0028776591643691063	0.060376221514074166	0.45806917812128783
66	0.003	0	0.0025205088313668966	0.14548022620759044	0.8529969096365879
67	0.003	0	0.0029855857137590647	0.09340475939915001	0.27166254906439424
67	0.003	0	0.0020787345711141825	0.20741478963302656	0.883905860157563
68	0.003	0	0.0029622321017086506	0.1679086392474297	0.7638331128153927
68	0.003	0	0.00229149148799479	0.25887527185462894	0.636953731071408
69	0.003	0	0.001890728366561234	0.07269726026025751	0.3007622394733834
69	0.003	0	0.003235296346247196	0.06082160872526575	0.15152829640406562
69	0.003	0	0.0019119385397061706	0.10981185819884914	0.39960918305626314
70	0.003	0	0.0017608941998332739	0.20343259766356625	1.1681002004370227
70	0.003	0	0.0022926442325115204	0.335838112204209	1.1661103907047465
70	0.003	0	0.0022897773887962103	0.1016459287464714	0.3732136737120678
71	0.003	0	0.002281890017911792	0.269720425368187	1.4348851665020594
71	0.003	0	0.0024858226533979177	0.28804540440161286	1.1312705077942082
71	0.003	0	0.002805848605930805	0.04480510770964464	0.22027598483355484
72	0.003	0	0.00310370116494596	0.36640530268888527	1.8430618162624504
72	0.003	0	0.002139142481610179	0.115151394391784	0.2569709230486249
73	0.003	0	0.003043159143999219	0.5247832157850424	2.212840011017176
73	0.003	0	0.003415340557694435	0.4318054841638531	1.7281880407936594
74	0.003	0	0.003364808624610305	0.532807827363187	1.939538408290237
74	0.003	0	0.0029812154825776815	0.6455440361848723	2.7136219690929497
75	0.003	0	0.0034182730596512556	0.3483231064564305	0.890014863567796
76	0.003	0	0.0025561766233295202	0.4067527620118872	1.7189961290386997
78	0.003	0	0.0022624582052230835	0.4297506685766609	1.705164880749283
78	0.003	0	0.0026594477239996195	0.1652394544738351	0.605822202152522
79	0.003	0	0.0027700685895979404	0.09850059278553559	0.3941741768836057
80	0.003	0	0.0021144021302461624	0.35897342477063204	1.7260735627098958
80	0.003	0	0.0021598932798951864	0.09271157595823976	0.3608513119623222
81	0.003	0	0.002445008372887969	0.9347776753172916	2.8919597579399285
81	0.003	0	0.0024466807954013348	0.1202151273976412	0.47234852773739366
82	0.003	0	0.0017941431142389774	0.629622236535962	2.2950217844532537
82	0.003	0	0.001463181572034955	0.23635177685840725	0.7285248065867783
83	0.003	0	0.002933863317593932	0.32781999631196035	0.8436731237303883
84	0.003	0	0.0031436686404049397	0.2929566033351197	0.6921008743414667
85	0.003	0	0.00286172260530293	0.08856178027161314	0.31329192316244026
85	0.003	0	0.002758697373792529	0.2602937516317156	1.1168940964081826
85	0.003	0	0.0028651715256273746	0.2388472685585365	1.1401344634599708
86	0.003	0	0.0027709025889635086	0.36808873879234805	1.3934275411439998
86	0.003	0	0.0026616202667355537	0.12919557098586598	0.6692409544958218
88	0.003	0	0.001059628208167851	0.08733602662399266	0.06490113112165265
88	0.003	0	0.0010367912473157048	0.5572869670303692	2.2038661264259156
89	0.003	0	0.0025172007735818624	0.16404277841910622	0.7193991572028366
90	0.003	0	0.0026470161974430084	0.28428494602581916	1.340682849673073
91	0.003	0	0.0028763124719262123	0.37536563395869477	1.5596437143563648
92	0.003	0	0.00045644788770005107	0.19888363949042018	0.9141386654654148
93	0.003	0	0.0026816229801625013	0.2780610042213685	1.233808105048727
94	0.003	0	0.0025616860948503017	0.523810805018748	1.9728437696529555
95	0.003	0	0.0034542896319180727	0.14525816820859414	0.5727523001301742
96	0.003	0	0.003564028535038233	0.1655872847381842	0.5045999647549415
97	0.003	0	0.0028327573090791702	0.15356797521798798	0.40431870130584385
98	0.003	0	0.0029101590625941753	0.2096736586408194	0.7446258106334848
99	0.003	0	0.002906023757532239	0.3078504709688633	1.0393447252259707
100	0.003	0	0.00220686849206686	0.4207287180926909	1.244842370347949
100	0.003	0	0.0018517161952331662	0.33112440625059075	1.3291668881535934
100	0.003	0	0.0035751916002482176	0.33646938558072875	1.3757251201052285
101	0.003	0	0.0031224137637764215	0.1964684627033556	0.6807961555438045
101	0.003	0	0.0029558094684034586	0.20825670341787864	0.601493278953464
102	0.003	0	0.0025489875115454197	0.2289243353305012	0.7078708794464085
102	0.003	0	0.0036590134259313345	0.38451802263696566	1.1091105111184996
103	0.003	0	0.0028847206849604845	0.2755464141583605	0.7806046055949434
103	0.003	0	0.003189018927514553	0.5888702067163989	3.2767743514930054
104	0.003	0	0.002802535193040967	0.1902999935750845	0.6551479974854374
104	0.003	0	0.0020997500978410244	0.8295247057503824	4.172065122062129
105	0.003	0	0.0034422806929796934	0.4146333106317242	1.6866074224683416
105	0.003	0	0.002383082639425993	0.026598956536305476	0.09137370984730649
106	0.003	0	0.002951175905764103	0.26015017082991254	0.8072867157627257
106	0.003	0	0.0034989076666533947	1.049895411245115	4.373622156336865
107	0.003	0	0.0028043771162629128	0.38373512155225775	0.9796312903302524
107	0.003	0	0.0024402239359915257	1.1554356411079785	4.057647902715544
108	0.003	0	0.0031477841548621655	0.18123400793769362	1.0152465792627634
108	0.003	0	0.0033864087890833616	0.26230518189831475	0.457931316425215
109	0.003	0	0.002715313108637929	0.3993279263750076	2.427656695333829
109	0.003	0	0.002669149311259389	0.2549153784678564	0.5513969508045599
110	0.003	0	0.003108077449724078	0.7665122474572458	3.480788572000093
110	0.003	0	0.0022438077721744776	0.09379813496780282	0.36966942029803973
111	0.003	0	0.0016603879630565643	0.9817270488539319	4.174484575665906
111	0.003	0	0.0033664903603494167	0.0514700215730588	0.13325677150161822
112	0.003	0	0.0035979365929961205	1.201070627838968	4.738103161937364
112	0.003	0	0.0022428741212934256	0.036491209607147336	0.18860051775898123
113	0.003	0	0.002351253991946578	0.7213845490645943	3.7198840444319483
114	0.003	0	0.0022931562270969152	0.3007094572798265	0.8731613929098371
115	0.003	0	0.0016474922886118293	0.5465340212425884	2.1618012547575307
115	0.003	0	0.0030516916885972023	1.1792386172616778	4.488515796899639
116	0.003	0	0.0026545703876763582	0.2980779225094035	1.2312862608665887
116	0.003	0	0.003595748683437705	0.1531493188246074	0.6397212051766489
116	0.003	0	0.0028010644018650055	1.0084385754189262	3.6577737633350482
117	0.003	0	0.0017242777394130826	0.13592278519395892	0.5302100162360858
118	0.003	0	0.002355679403990507	0.36493411517385654	1.5067363713820847
118	0.003	0	0.00335046648979187	0.27344295358167764	1.0853010923131439
119	0.003	0	0.0024965708144009113	0.28415783413581897	1.2349492043005914
119	0.003	0	0.0026628347113728523	0.21752633956897446	0.9251754238196231
120	0.003	0	0.002074809279292822	0.2249026079620051	0.9049414283313475
120	0.003	0	0.002512717619538307	0.10514053639403416	0.3421453449582277
121	0.003	0	0.002000635489821434	0.3212381162183853	1.1734365775265865
123	0.003	0	0.0032594853546470404	0.20746561301105107	0.7762698813271833
123	0.003	0	0.002734435722231865	0.5561994014763649	1.676316919690138
123	0.003	0	0.003387277014553547	0.19632591113496445	0.8145651760900569
124	0.003	0	0.0018520238809287548	0.10084170720959859	0.4633248659379912
125	0.003	0	0.0023875830229371786	0.14343633657182298	0.6681820894355898
126	0.003	0	0.003166974289342761	0.30766101380623717	0.9303671931229753
127	0.003	0	0.0030368363950401545	0.17865522370391332	0.556275088095935
128	0.003	0	0.002292403019964695	0.3767955915327564	1.7390439354288298
131	0.003	0	0.002703252248466015	0.600093457716025	2.1120746101454255
131	0.003	0	0.002820054069161415	0.08596108165155544	0.5127489965267831
132	0.003	0	0.0023809955455362797	0.40624568491406815	1.4921084349277463
133	0.003	0	0.0018710183212533593	0.27836439351491327	1.169533125451054
134	0.003	0	0.0025657631922513247	0.15583234893903303	0.6338224896985829
136	0.003	0	0.0036101669538766146	0.25111317088018026	0.8861978631538885
137	0.003	0	0.0020079403184354305	0.26231212647993163	0.923810423497393
139	0.003	0	0.0034268158487975597	0.24408116081081538	1.002139785074737
140	0.003	0	0.003054059576243162	0.315171675461473	1.2881519237216155
141	0.003	0	0.0025050335098057985	0.7716918914678398	2.7338526140447317
141	0.003	0	0.0022298016119748354	0.15403733666278963	0.2769992502857991
142	0.003	0	0.002488137921318412	0.5593892800460697	2.925823264817222
143	0.003	0	0.00245413719676435	0.3880441067098653	1.7554123697986355
144	0.003	0	0.002328112255781889	0.586141282106866	2.3274442096927497
144	0.003	0	0.0025348130147904158	0.31824736328050196	1.2949173712184363
145	0.003	0	0.0029492832254618406	0.19766529784236797	0.6298074220885573
146	0.003	0	0.0034693116322159767	0.3454957935957748	1.313475667998619
147	0.003	0	0.001925349817611277	0.29450406735767554	1.3965215138993403
148	0.003	0	0.0025560250505805016	0.3966212098629426	1.79321850788522
149	0.003	0	0.0018215771997347474	0.37736310939146006	1.6945450189893507
150	0.003	0	0.001883520744740963	0.26488686640341386	1.4826232386835054
150	0.003	0	0.0026837110053747892	0.26381119540015163	0.9167703931265528
151	0.003	0	0.0033283126540482044	0.38171198789045135	2.0506938878921765
152	0.003	0	0.002666579093784094	0.46092103355266395	2.0478679985005
152	0.003	0	0.0026249156799167395	0.28096907111868336	0.6765822541277405
152	0.003	0	0.0018034545937553048	0.09732947929158899	0.24900172454875363
153	0.003	0	0.0019199892412871122	0.34193639743905635	1.1487593356504218
154	0.003	0	0.003038228489458561	0.19050426312693214	1.2388522401348587
155	0.003	0	0.0024083107709884644	0.35857861263467783	1.5836041012710056
155	0.003	0	0.0028339324053376913	0.03405080676795481	0.12439616202844242
156	0.003	0	0.0026926356367766857	0.6232882898838594	2.192657811953857
156	0.003	0	0.003492026124149561	0.5817638156261798	1.9573943006205274
157	0.003	0	0.003129991702735424	0.3365264630376873	1.705962360820746
157	0.003	0	0.0031656180508434772	0.14517725605148502	0.5131270650898052
158	0.003	0	0.0026533405762165785	0.269895001431106	1.3934481223182098
158	0.003	0	0.002461374504491687	0.2909810036087471	0.9960079879910656
158	0.003	0	0.0012407703325152397	0.37371141855843437	1.7321867865960636
159	0.003	0	0.0020929710008203983	0.4634801250911945	1.9645286788711467
159	0.003	0	0.0029827458783984184	0.0772689886372367	0.21301551729460746
159	0.003	0	0.002454141853377223	0.6512059139834502	2.491156880247087
160	0.003	0	0.002441039076074958	0.55470517848472	1.8346903250536162
161	0.003	0	0.0023954680655151606	0.16335297164074028	0.46360733854177205
161	0.003	0	0.0029259496368467808	0.19517778615347034	0.7800735575313419
161	0.003	0	0.001338505418971181	0.27300499399039097	1.3427494892851306
162	0.003	0	0.002282453468069434	0.1362775849004452	0.44977883567334115
162	0.003	1	0.002736518858000636	0.5500548614184615	2.441422167933081
163	0.003	0	0.0016325381584465504	0.27949972759516095	0.6687012279794579
163	0.003	0	0.001268663676455617	0.29187265981527005	0.8385225373484597
164	0.003	0	0.002757576759904623	0.18662720250272313	0.5105048974751011
164	0.003	0	0.0032248934730887413	0.15829978797589359	0.6189203615270219
165	0.003	0	0.002544483868405223	1.2382571179545105	6.049557905167247
165	0.003	0	0.0018787422450259328	0.22938376991179824	0.4593916245289478
166	0.003	0	0.0027160237077623606	1.8394014448058889	8.001323880432782
166	0.003	0	0.0025940192863345146	0.42075016413713795	1.335971393356073
170	0.003	0	0.002756680129095912	0.2530761953655399	1.0086742236014052
170	0.003	0	0.00265869521535933	0.38017242740164464	1.3365907204480854
170	0.003	0	0.002581697655841708	0.4462708780933734	1.802023553260958
171	0.003	0	0.0025280641857534647	0.784590517621015	2.5284732247853206
173	0.003	0	0.0025501095224171877	0.7349441841425857	2.813827482754375
174	0.003	0	0.0025822059251368046	0.2986889644585348	1.025686803723274
174	0.003	0	0.0028883491177111864	0.5224670648343313	1.888352200548071
174	0.003	0	0.0031119470950216055	0.3091189696518948	1.4189553334696585
176	0.003	0	0.0025781607255339622	0.3604949913491338	1.4014953846086184
176	0.003	0	0.00290358392521739	0.5391947778198495	2.4520933592146292
177	0.003	0	0.002624372486025095	0.30047570377589905	1.2589135039903228
178	0.003	0	0.001794226816855371	0.27111497591791217	1.219692318013364
178	0.003	0	0.0016996971098706126	0.7098423296165983	3.0042621411014823
179	0.003	0	0.002275292295962572	0.19300387693135543	1.0397009010469
179	0.003	0	0.002978256205096841	1.1378075526321603	4.340437899726046
179	0.003	0	0.0031717284582555294	1.0305286132859361	4.13064748526316
180	0.003	0	0.0009068153449334204	0.21313032671195375	0.8214194795236915
180	0.003	0	0.0027955255936831236	0.20888234546270823	0.8624528087114446
180	0.003	0	0.0032255046535283327	1.0331733889515362	4.1585250985497995
182	0.003	0	0.0025215253699570894	1.0269837638583548	2.399059221582472
183	0.003	0	0.002670407760888338	0.32303451333917305	1.0935349539370487
183	0.003	0	0.0018921997398138046	0.4662616289847295	2.230901419055678
183	0.003	0	0.0023340070620179176	0.08103198236196352	0.23488369820906738
184	0.003	0	0.0028584697283804417	0.14988964126951548	0.7231416779925965
185	0.003	0	0.0023232772946357727	0.12443486726387361	0.7183069660888933
185	0.003	0	0.002966694300994277	0.27398451408127783	0.9276319136868694
187	0.003	0	0.0031064527574926615	0.31053938303114614	1.084156914731955
188	0.003	0	0.0016991343582049012	0.19974208344724592	0.6516983237735356
188	0.003	0	0.0029143267311155796	0.07017271987107947	0.3017406366593043
189	0.003	0	0.0028826086781919003	0.11586769465050374	0.18302432403664964
189	0.003	0	0.001630116836167872	0.34889697415394866	1.6029126348876381
190	0.003	0	0.0030731474980711937	0.0962971940618804	0.2266260875872812
190	0.003	0	0.002575396792963147	0.36684852145359265	1.503918542554003
191	0.003	0	0.002276766113936901	0.7568650142690503	2.0501060061531233
191	0.003	0	0.0028335798997431993	0.11163657515440428	0.36410568022205475
192	0.003	0	0.0032491120509803295	1.041314588986407	5.073581384417279
193	0.003	0	0.002913892036303878	1.219315182367034	6.314811829100441
194	0.003	0	0.0031917609740048647	1.668068043309565	7.745246957895655
194	0.003	0	0.003391135483980179	0.11555054770630353	0.19169931554622588
195	0.003	0	0.002102714264765382	2.35514883824435	9.593156091753709
197	0.003	0	0.0031621637754142284	1.2788583778786067	4.287936274625192
198	0.003	0	0.003048225771635771	0.17123564678270578	0.6538307638523051
199	0.003	0	0.002139314543455839	0.15008216979659852	0.4173502383662672
199	0.003	0	0.002623201347887516	0.1973663925880747	0.7851364086597231
199	0.003	0	0.0030082990415394306	0.14959521525341113	0.9154531102384208
200	0.003	0	0.002405645325779915	0.3070644137988854	1.2171111957266785
204	0.003	0	0.0021409839391708374	0.2884583976009614	1.4725689163462068
204	0.003	0	0.0025034581776708364	0.3490580463576183	0.6559636655612422
207	0.003	0	0.002537558088079095	0.2811308971450342	0.9377847074882193
207	0.003	0	0.0022121963556855917	0.1958845771719041	1.0454468407662838
208	0.003	0	0.002291798824444413	0.11632938511652714	0.36884913315396567
208	0.003	0	0.0018229286652058363	0.5026992701205992	1.980486480843328
209	0.003	0	0.002999313408508897	0.2326934087854329	0.6586755067648906
209	0.003	0	0.0032693124376237392	0.15929194344425146	0.6026522452319413
210	0.003	0	0.0018804380670189857	0.09500898145501592	0.1378297667900637
211	0.003	0	0.002273518592119217	0.1492549644143995	0.6956692615839288
212	0.003	0	0.0028869567904621363	0.18870707611150525	0.7226744220459403
213	0.003	0	0.003014776622876525	0.08991769517467664	0.14184379053540305
214	0.003	0	0.00225896411575377	0.068315989567537	0.2588502119764551
214	0.003	0	0.002400261117145419	0.26939842475590536	0.8986071032134214
215	0.003	0	0.0030202786438167095	0.03779616309662742	0.21126791250200638
216	0.003	0	0.0026202823501080275	0.18054401422101835	0.7970470924936298
216	0.003	0	0.002235715975984931	0.23914591115242675	1.011646422194853
217	0.003	0	0.002885288791731	0.13748554324989554	0.5983494844507586
217	0.003	0	0.0033989092335104942	0.053738398944784396	0.12897760451970566
218	0.003	0	0.0021793849300593138	0.07035054250120734	0.15792271171274994
219	0.003	0	0.0012280925875529647	0.061518977501267266	0.2950801050845429
219	0.003	0	0.0029417185578495264	0.22320339499107464	1.255809101106283
220	0.003	0	0.0026323958300054073	0.17052891588491279	0.8036589522559221
220	0.003	0	0.0020714274141937494	0.5869885428538172	2.8616861245536804
221	0.003	0	0.0021154521964490414	0.12361933726936628	0.6545917442423305
222	0.003	0	0.0023800074122846127	0.07895915597210335	0.31085523952826744
223	0.003	0	0.002570156706497073	0.5320049398815868	1.916057531429513
224	0.003	0	0.0029336828738451004	0.32408056148853603	1.2706413270787897
224	0.003	0	0.0028254755306988955	0.1925818413720886	0.5371684347247419
224	0.003	0	0.002328494330868125	0.5130203164117377	2.7565634172344855
225	0.003	0	0.0037388172931969166	0.8134357024656208	3.067104756328583
226	0.003	0	0.002802048111334443	0.1722966210943042	0.6888808498857241
227	0.003	0	0.0026233443059027195	0.2644143862259833	1.336669864685366
228	0.003	0	0.0026773628778755665	1.023048060971345	4.542505317889554
229	0.003	0	0.00363225513137877	0.27637255187994025	0.7220887746362383
229	0.003	0	0.002730702282860875	0.1740714660535826	0.6713055641539515
229	0.003	0	0.0031450281385332346	1.3090687750708483	4.977515039305604
230	0.003	0	0.002514774212613702	0.8581878360608838	3.1943333355001533
231	0.003	0	0.0032170023769140244	0.26236766844719056	1.1578077775592974
231	0.003	0	0.00232643517665565	0.379002099433529	1.1880259138030576
232	0.003	0	0.0027822500560432673	0.12282928068797563	0.23470202449768293
234	0.003	0	0.0029219239950180054	0.24890412083938512	1.130753599900284
234	0.003	0	0.0029925559647381306	0.6815316616651379	2.240533032820019
235	0.003	0	0.003154251491650939	0.7880141812010902	3.507523668716307
236	0.003	0	0.002928811125457287	0.8147066063550438	3.4242174854572105
237	0.003	0	0.003181250300258398	0.22934540735588788	0.9700487052249054
239	0.003	0	0.0032933340407907963	0.14665302678035538	0.3227895290342158
239	0.003	0	0.0028262657579034567	0.20888162230774904	0.9164457362297762
240	0.003	0	0.0025708575267344713	0.07696098505420494	0.14159642534489772
240	0.003	0	0.0017657300923019648	0.2059292074031429	0.556998558208288
240	0.003	0	0.00279960036277771	0.29807941573444224	1.456037505418486
241	0.003	0	0.003113390179350972	0.14661397937907195	0.37625884275904126
241	0.003	0	0.0032055124174803495	0.2483285601856575	1.2189153059413835
241	0.003	0	0.0034656364005059004	0.6330437784238094	3.1581963553754693
242	0.003	0	0.0028985850512981415	0.13547182379005246	0.7530427471927641
242	0.003	0	0.002183877630159259	0.9940276532946396	4.211400682039926
243	0.003	0	0.0025288944598287344	0.6711073881562121	2.877897834938601
244	0.003	0	0.0021623773500323296	0.5614008013043432	1.9247169358830976
245	0.003	0	0.0032006867695599794	0.21177038226543315	0.5044574320734799
246	0.003	0	0.00286861602216959	0.2714207747132015	1.0231883529900305
247	0.003	0	0.002611718140542507	0.2339809910633454	1.000992502433241
248	0.003	0	0.0022499682381749153	0.5716717707153803	1.6616924615939435
248	0.003	0	0.0024131806567311287	0.3892019695572454	0.8166806438140332
249	0.003	0	0.0029219517018646	0.21234105914390838	0.6265332835728452
251	0.003	0	0.0033492939546704292	0.11624904761498575	0.47178751396328356
251	0.003	0	0.0035285018384456635	0.5322956548343163	2.6991699709313446
252	0.003	0	0.002062975661829114	0.8984905176238038	3.7461534910596304
253	0.003	0	0.002864545676857233	0.9309929436211432	3.76588435361483
254	0.003	0	0.0024466405156999826	0.3395191554297243	1.1309181301970748
254	0.003	0	0.002326869871467352	0.67762643742241	2.274743118311228
255	0.003	0	0.002886268077418208	0.18094297431047565	0.5924107575687316
257	0.003	0	0.00275699351914227	0.24051469763572433	1.092881673699431
258	0.003	0	0.0026974808424711227	0.04722960992724155	0.2182516811001601
261	0.003	0	0.0021506301127374172	0.3080679651160884	0.8273537845948341
261	0.003	0	0.002869265852496028	0.49005655340087323	1.948095639824159
262	0.003	0	0.0024880017153918743	0.5865259133414518	1.7200903251296202
263	0.003	0	0.0030465242452919483	0.37659170915733237	2.016132734643733
263	0.003	0	0.0034592947922647	0.31262570205466966	0.4101059424128753
264	0.003	0	0.002468564547598362	1.0626616812178147	4.164470688811341
265	0.003	0	0.0030004216823726892	0.2201139171460388	0.5587024034464688
267	0.003	0	0.00217343564145267	0.4509596759856336	2.1768356288059287
267	0.003	0	0.0031357151456177235	0.3887415968306669	1.1748695635869568
268	0.003	0	0.002429238287732005	0.923316831100225	3.858917721488008
268	0.003	0	0.0030350068118423223	0.6029753928198963	1.9977306760884328
270	0.003	0	0.0034230435267090797	0.1010032856159205	0.3360113208891956
271	0.003	0	0.0018965009367093444	0.1972627520794918	0.43657964918747233
271	0.003	0	0.0018004038138315082	0.2543889632486454	1.4340829262148231
272	0.003	0	0.002956800628453493	0.38930472536756816	1.6097080337294556
272	0.003	0	0.0030194048304110765	0.7608966041725592	3.3493253088899024
273	0.003	0	0.0019122612429782748	0.7034785514473731	2.7487442473324846
273	0.003	0	0.0032811681739985943	0.7896373786744965	3.035932970050689
274	0.003	0	0.002483057091012597	0.3368501064122878	1.1340318085298398
274	0.003	0	0.002996872877702117	0.19315954762991996	0.49737508764849436
275	0.003	0	0.0026169063057750463	0.49157683208698133	1.4526292113741532
276	0.003	0	0.002256245817989111	0.2476011927338367	0.8513832096261736
277	0.003	0	0.0028612844180315733	0.3476919459886664	0.807076056919578
278	0.003	0	0.0025856976862996817	0.10325970818183745	0.40287774264901116
280	0.003	0	0.002022266387939453	0.5343108277367831	1.7869235655204272
280	0.003	0	0.0021530354861170053	0.018121397959002222	0.04549159416419859
281	0.003	0	0.0026219342835247517	0.546882847881193	2.067897476272545
281	0.003	0	0.0026605071034282446	0.02152357967890765	0.019185887266446384
282	0.003	0	0.0026558078825473785	0.02776369211232316	0.09135945048912535
284	0.003	0	0.003054951550439	0.2862189006788601	1.4900667709984283
286	0.003	0	0.0027238742914050817	0.3494442510735639	1.1107851336500076
286	0.003	0	0.0027974469121545553	0.06600558510082792	0.3804313637265649
287	0.003	0	0.002193385036662221	0.25844476375704084	0.5158091801324005
287	0.003	0	0.0028073356952518225	0.04471316933224917	0.27168988470206634
288	0.003	0	0.002401330042630434	0.2991672432100103	0.7759341714646109
288	0.003	0	0.002891641343012452	0.15733882344962166	0.8552771856852102
289	0.003	0	0.001981248613446951	0.6279703428663778	2.0320152071869977
289	0.003	0	0.002551269717514515	0.21156361466994925	1.0469223375299568
290	0.003	0	0.0027689901180565357	0.38215107917791463	1.635331196798001
291	0.003	0	0.0015708276769146323	0.3131756884161617	0.9478753739453889
291	0.003	0	0.0031156358309090137	0.2608143299203957	0.9106115836145903
292	0.003	0	0.002314220881089568	0.38180722555480184	1.453193595652692
293	0.003	0	0.0025408079382032156	0.3280379610407798	1.2900036103061931
294	0.003	0	0.0022351909428834915	0.11972613472365107	0.6290777927398226
294	0.003	0	0.0027893963269889355	1.087414766013829	3.760030680786017
295	0.003	0	0.002444249577820301	0.13284329305827167	0.6134085092622363
295	0.003	0	0.002490181475877762	0.8652226302853889	3.0062991802523022
296	0.003	0	0.0033207801170647144	0.5634786405520402	2.2071917099983116
296	0.003	0	0.0031052848789840937	0.4479734548198627	1.7670568391820873
297	0.003	0	0.0013518547639250755	0.2118850520679375	0.7830320059183552
300	0.003	0	0.0012605367228388786	0.4613950363094318	1.8079553906980699
300	0.003	0	0.002764034317806363	0.40856514866186683	1.713813741284802
301	0.003	0	0.0025684877764433622	0.6105983998924904	2.065020071181832
301	0.003	0	0.0018253389280289412	0.21642807517759613	0.978855271877022
303	0.003	0	0.0025996484328061342	0.3738132615766438	0.8205938891947305
306	0.003	0	0.0022652968764305115	0.1596564470722906	0.4914956830521705
306	0.003	0	0.0024810368195176125	0.14424814250896473	0.6250088565420969
308	0.003	0	0.0027910256758332253	0.020791387286983105	0.04254544460585396
309	0.003	0	0.002627110108733177	0.28273117783879914	0.7976977613706615
312	0.003	0	0.001984772738069296	0.7486586100310918	2.7487733032268102
315	0.003	0	0.002810095902532339	0.11851415881245002	0.4397479449102384
316	0.003	0	0.0031562617514282465	0.07152430964890419	0.2681167213414672
317	0.003	0	0.003237892175093293	0.06672435642408345	0.28772084391073677
318	0.003	0	0.0033472320064902306	0.4297335169696983	1.2141776313059602
318	0.003	0	0.0022378056310117245	0.11389971294260996	0.42648148465374863
319	0.003	0	0.0020688013173639774	0.30501819769421995	1.1324166823379167
320	0.003	0	0.003431139048188925	0.3614878871405953	1.266425460979654
320	0.003	0	0.0025539365597069263	0.18133176719438177	1.1155863038097944
321	0.003	0	0.002076837234199047	0.40094487212369845	1.2663224079950255
322	0.003	0	0.0031598240602761507	0.13452117833616337	0.326294685517492
323	0.003	0	0.0030918759293854237	0.49868437646628977	1.6228564431292376
324	0.003	0	0.003711320925503969	0.08542928652096225	0.5113241460893395
324	0.003	0	0.002702532336115837	0.49663904640589707	2.5931608899156586
325	0.003	0	0.0019021122716367245	0.16524737510728457	0.5132828264060648
326	0.003	0	0.0022310148924589157	0.49782357001321575	1.8057648921404768
326	0.003	0	0.002388178138062358	0.07075991848022947	0.33389947253036767
330	0.003	0	0.0021817218512296677	0.1691840809775677	0.5253414754892912
332	0.003	0	0.0021262653172016144	0.11954274994987565	0.42310126221974964
333	0.003	0	0.003075459273532033	0.09596441474640052	0.35110360761679715
336	0.003	0	0.003207825357094407	0.326653174203114	0.9381256521021285
336	0.003	0	0.00249588955193758	0.09331824207673323	0.16133513679169845
337	0.003	0	0.0030294144526124	0.1562170729804434	0.3613830748515711
338	0.003	0	0.0033887375611811876	0.13845158882377492	0.31812112986289126
338	0.003	0	0.003169779200106859	0.3493009143178397	1.4147382823841081
339	0.003	0	0.0029359147883951664	0.1979409521690418	0.35811633251628316
340	0.003	0	0.003457535756751895	0.4138982865389004	1.025675047078235
341	0.003	0	0.0029286129865795374	0.14385538977503098	0.4600930928280771
342	0.003	0	0.002467774786055088	0.20501757472004362	0.6752899045294862
342	0.003	0	0.0023871688172221184	0.0913563572530136	0.25810096729960036
343	0.003	0	0.0027410751208662987	0.2475711235239698	1.0293797771396165
344	0.003	0	0.0020728970412164927	0.5124655797690139	1.6746088182417869
344	0.003	0	0.002656324068084359	0.07061077027818928	0.2571755318612822
345	0.003	0	0.002844700589776039	0.3191964892381496	0.891813271890871
345	0.003	0	0.002707343315705657	0.13882189535744896	0.3664011279798642
346	0.003	0	0.00269061210565269	0.6737747118620352	2.696615521111877
346	0.003	0	0.003269945038482547	0.17685173503036894	0.39120324957508884
347	0.003	0	0.0022772157099097967	0.523830321376494	2.656200058922892
347	0.003	0	0.00262219225987792	0.10326201253720292	0.16714427192784215
348	0.003	0	0.002831518417224288	0.6433724256005322	3.1479618043689577
349	0.003	0	0.002728063613176346	0.28612299164697824	1.2198048671191033
350	0.003	0	0.0016221910482272506	0.33137314050864297	1.0566450158536078
351	0.003	0	0.0027605469804257154	0.2404017624361143	0.9901185727862993
351	0.003	0	0.0019330783979967237	0.1959959995428547	0.6097918236966094
352	0.003	0	0.0032424910459667444	0.10759039629652481	0.4153681874277122
353	0.003	0	0.0024787508882582188	0.3185665210580487	0.8577050301007816
354	0.003	0	0.0027716290205717087	0.3908142719528251	1.7535221135414802
354	0.003	0	0.0021134193520992994	0.32771959328173894	1.184253483649399
355	0.003	0	0.0027036259416490793	0.4686634057625922	1.9399812184216798
356	0.003	0	0.0029347252566367388	0.4056721783757926	1.691438719130394
356	0.003	0	0.003340330207720399	0.4189550197079586	1.3261604762752561
357	0.003	0	0.0021402519196271896	0.10292937510840001	0.17056066456878965
358	0.003	0	0.0025819342117756605	0.29644906340083627	0.824859955375571
359	0.003	0	0.0027702089864760637	0.2979272016168257	0.5037125156983118
359	0.003	0	0.001518230070360005	0.05193879667277861	0.31708998227791135
360	0.003	0	0.002312190132215619	0.43246083673912966	1.465187221655039
360	0.003	0	0.002988173859193921	0.18026462521193704	0.9478082488773478
361	0.003	0	0.002147492254152894	0.6044735408002468	1.3739356126997393
361	0.003	0	0.0032143238931894302	0.19230372008285584	0.9617404631028674
362	0.003	0	0.003742281347513199	0.25157143941369614	0.48640309307650986
362	0.003	0	0.0023156891111284494	0.1438594098733631	0.607337064793621
365	0.003	0	0.002448894316330552	0.16265476383428004	0.6196239658953988
366	0.003	0	0.002134396694600582	0.5228816295023909	1.3508632103712757
367	0.003	0	0.00187215197365731	0.7620794287905701	2.4357493458166726
367	0.003	0	0.0026875310577452183	0.14843021832560863	0.6337319810147412
368	0.003	0	0.0029131807386875153	0.5046335752297593	1.1796734028789808
368	0.003	0	0.0020668646320700645	0.14478655439026697	0.46294144305965457
371	0.003	0	0.002130265347659588	0.10170832096809652	0.2826143689167346
372	0.003	0	0.0031325260642915964	0.19368692360261552	0.6632536454804252
373	0.003	0	0.00277760811150074	0.0897449944618095	0.28666100517477816
374	0.003	0	0.0026561631821095943	0.1303485451001861	0.606896964469544
375	0.003	0	0.0026137062814086676	0.09804069726371593	0.3613666429730422
378	0.003	0	0.0022876160219311714	0.07120334750843964	0.2953200899837719
379	0.003	0	0.0018448824994266033	0.2170006864455516	0.7449254312402843
380	0.003	0	0.0020007153507322073	0.125854367307558	0.40139663690390553
381	0.003	0	0.0016680787084624171	0.09264813853153243	0.37926024979626044
384	0.003	0	0.0035379095934331417	0.25208072128124215	0.7084790502277971
384	0.003	0	0.0014538537943735719	0.09491922062480829	0.16716464639610645
385	0.003	0	0.002318920334801078	0.3966721344724191	1.305346811197536
385	0.003	0	0.001987256808206439	0.06548208452475252	0.1925457700913842
386	0.003	0	0.003660644870251417	0.21966656858657463	0.44561999063649366
386	0.003	0	0.002661029575392604	0.12048544553668879	0.28785905460514366
387	0.003	0	0.002649621805176139	0.46589009831995165	1.4785415366229178
388	0.003	0	0.0023101158440113068	0.6001674965325288	1.7578139429757296
388	0.003	0	0.0027866291347891092	0.2275431334423644	0.7055048871410617
389	0.003	0	0.0025722081772983074	1.1059076176960847	3.7070740290804522
389	0.003	0	0.004858600441366434	0.14212661826013667	0.3041122533872386
390	0.003	0	0.0024696835316717625	0.2460244902746675	0.9571943816759103
390	0.003	0	0.0027510463260114193	0.045907248863181656	0.14231945037452742
391	0.003	0	0.002114703180268407	0.1558181967846935	0.6392454639658446
393	0.003	0	0.0031664371490478516	0.3300029071456871	0.55601307070107
394	0.003	0	0.001843273756094277	0.24196766965618433	0.9389401512257115
397	0.003	0	0.0019474972505122423	0.49873697858402044	2.325007615118822
398	0.003	0	0.002077561803162098	0.5557175380941691	2.3095606164088527
399	0.003	0	0.0026159000117331743	0.6568155078206976	2.6520957036777526
401	0.003	0	0.0023383882362395525	0.32419803449348344	1.1846377345696213
402	0.003	0	0.003220168175175786	0.16770543209311345	0.5615846094929137
403	0.003	0	0.0030961644370108843	0.22270986932043518	0.8222817643211541
404	0.003	0	0.002958449302241206	0.3030849289827267	1.0227209621652888
407	0.003	0	0.0018168231472373009	0.4107125390756354	1.2996400119428568
407	0.003	0	0.00299969338811934	0.28926689155173807	1.8730816587318855
408	0.003	0	0.0018283571116626263	0.15842859735493203	0.5200463643217343
409	0.003	0	0.0017769786063581705	0.1254503363316976	0.4372804943731367
411	0.003	0	0.0023887420538812876	0.39090129942927554	1.3429078692871035
412	0.003	0	0.0028247511945664883	0.6490409779188892	2.1115878695169483
413	0.003	0	0.003148005111142993	0.40519950265440224	1.6116013169745889
415	0.003	0	0.0031904750503599644	0.11779317515195058	0.6293664208277898
416	0.003	0	0.002479126211255789	0.42432732499836284	1.4560939191730702
416	0.003	0	0.0029290374368429184	0.1127258615247625	0.4587971979525531
420	0.003	0	0.0018319967202842236	0.22431278779505315	1.0950863969719025
422	0.003	0	0.002678471151739359	0.37881494656228276	1.3748138012041524
423	0.003	0	0.0029634435195475817	0.11368648722231696	0.6917983211071652
427	0.003	0	0.0028764919843524694	0.43093585201339846	1.4512239485406773
428	0.003	0	0.0020931626204401255	0.30666620175418097	0.8430817000188312
428	0.003	0	0.002234809333458543	0.34515959908216426	1.2887763784736783
429	0.003	0	0.0032363715581595898	0.29090665374123503	1.2289517909191345
429	0.003	0	0.002493233187124133	0.2174640305381738	1.0613779005380573
430	0.003	0	0.0029399823397397995	0.3904620084402025	1.6890986941273631
430	0.003	0	0.0026761821936815977	0.27147788861628425	1.2406427562611517
432	0.003	0	0.002490305807441473	0.6323323188430173	2.038958417876801
433	0.003	0	0.003439449006691575	0.09450249042657817	0.3997659077357018
434	0.003	0	0.0023251562379300594	0.15940140751042006	0.46374352571800387
434	0.003	0	0.0021821714472025633	0.25199348173748987	0.9589445542620272
438	0.003	0	0.003270632354542613	0.13192795312763375	0.4417645215373685
442	0.003	0	0.002770485356450081	0.12381238145136922	0.5078801220959223
443	0.003	0	0.003008476225659251	0.08627534541490957	0.41622979835390056
445	0.003	0	0.00243313773535192	0.16141707324622281	0.4718014352706834
447	0.003	0	0.0020989933982491493	0.1355894896410626	0.6323114699049727
447	0.003	0	0.0029369823168963194	0.17581084219686643	0.6028631889091006
448	0.003	0	0.0023662210442125797	0.15925560466114846	0.4898873469492128
449	0.003	0	0.002705042716115713	0.29510308667052887	1.1361187677984668
449	0.003	0	0.0027081866282969713	0.04549884790244153	0.11820524677999673
450	0.003	0	0.002516375156119466	0.30987482093647084	1.190144887491508
450	0.003	0	0.0024466216564178467	0.32186715074007544	1.2441421380195257
451	0.003	0	0.00279981573112309	0.3186547865400459	1.1138910016746124
452	0.003	0	0.002739994553849101	0.2708412616814619	0.9599329157636768
452	0.003	0	0.0026944272685796022	0.19809758777607323	0.6373164371587176
453	0.003	0	0.0026825526729226112	0.33226205568879097	1.0682637486515865
453	0.003	0	0.002661580452695489	0.30416275644042556	1.0003981396984831
454	0.003	0	0.002527897246181965	0.13529603996020767	0.43459243889124144
455	0.003	0	0.00273164757527411	0.2917395195965294	1.057800872260343
456	0.003	0	0.0024935889523476362	0.15783025215521987	0.746167031952563
459	0.003	0	0.0037101698108017445	0.341178202570177	1.8742714100582643
460	0.003	0	0.0023821471258997917	0.513059854258394	2.3637521627946914
461	0.003	0	0.0026534011121839285	0.5713220628349185	2.5215998311477383
462	0.003	0	0.0027651595883071423	0.2520050542668568	1.0823271867556374
463	0.003	0	0.0023372808936983347	0.2686592607191496	0.991990463330133
466	0.003	0	0.002307276939973235	0.20171939555615387	1.0054220154294582
467	0.003	0	0.003272569738328457	0.4599911574918161	1.926879228811986
469	0.003	0	0.0028069454710930586	0.6146738023324536	3.250215988231751
470	0.003	0	0.003316817106679082	0.9311935644378828	4.074127684577268
471	0.003	0	0.0031500589102506638	1.1552938218476339	4.441398341630918
472	0.003	0	0.0018018324626609683	0.29804648346034385	0.9848082849797859
472	0.003	0	0.002452209824696183	0.562026326070155	2.0445731058639733
473	0.003	0	0.0026732906699180603	0.060094382316448314	0.2001693904375755
474	0.003	0	0.002931383904069662	0.3328582496667639	1.3610309624084915
474	0.003	0	0.0023670641239732504	0.13492841167663805	0.4496570638876181
475	0.003	0	0.00248433044180274	0.2538344438899654	1.0886882859228613
477	0.003	0	0.00295031676068902	0.6666380285158946	2.392151761465787
477	0.003	0	0.002125829691067338	0.0452187739731092	0.19438439971337476
481	0.003	0	0.0018777368823066354	0.3326860146185285	1.2289410779292065
482	0.003	0	0.002292120363563299	0.2577465985030819	1.0003205457079158
482	0.003	0	0.002789402147755027	0.021619865632983914	0.019137271890461747
483	0.003	0	0.0023993877694010735	0.033129545203795505	0.11771914561659147
484	0.003	0	0.0020081158727407455	0.13501609521716795	0.5780752299652613
485	0.003	0	0.0022997537162154913	0.034343385479106786	0.11608592781350571
486	0.003	0	0.002924908185377717	0.0336507945340747	0.20846127032268985
488	0.003	0	0.001975089544430375	0.4477558256967659	1.609279377354795
489	0.003	0	0.0018666875548660755	0.462469708402867	1.5191636545411162
489	0.003	0	0.0022851177491247654	0.21732099365239088	0.9028370004021827
490	0.003	0	0.0025460324250161648	0.2142020424580736	0.6337623261847507
492	0.003	0	0.0032843814697116613	0.4769402642795495	1.0705622876723997
492	0.003	0	0.0020038478542119265	0.1302100255590403	0.6396342414892916
493	0.003	0	0.0029339054599404335	0.06406574979414693	0.2849486676158091
495	0.003	0	0.002806785050779581	0.12114934429769329	0.5435273136146086
496	0.003	0	0.0028365561738610268	0.04489052636044235	0.22105045527984615
497	0.003	0	0.003317923052236438	0.05056546873291382	0.15943950446841348
498	0.003	0	0.0030798069201409817	0.39766743343038335	1.9858686718330072
502	0.003	0	0.0025957664474844933	0.10976539148465417	0.21493085391219865
506	0.003	0	0.0024569088127464056	0.4257287917031788	1.4046364629267591
507	0.003	0	0.003368381643667817	0.5308268951628081	2.2035569785755174
509	0.003	0	0.0028712106868624687	0.10032409766927805	0.34732907340833913
511	0.003	0	0.0032740312162786722	0.04328180396468612	0.187727018029561
514	0.003	0	0.0019772809464484453	0.23306792654789116	0.9382543246647134
515	0.003	0	0.0023781219497323036	0.3487777556606191	1.0103892959903904
519	0.003	0	0.002897723112255335	0.1271825198348353	0.386682768482998
519	0.003	0	0.0030887951143085957	0.10854722845372912	0.3477546365196408
520	0.003	0	0.0034632945898920298	0.061840119065545096	0.16955059613965542
521	0.003	0	0.0032109038438647985	0.1439052290358656	0.4465242262708147
522	0.003	0	0.002508667530491948	0.17718184003408102	0.727937260245803
522	0.003	0	0.0017209443030878901	0.12122436698611876	0.3201660708614014
523	0.003	0	0.0017302598571404815	0.06397170018837654	0.24045021777111353
524	0.003	0	0.0029730249661952257	0.1869116958679791	0.3000691245691532
525	0.003	0	0.003096530446782708	0.1303125694524588	0.37783311992172236
527	0.003	0	0.0028257411904633045	0.1569899926061823	0.564438627070781
532	0.003	0	0.0023055560886859894	0.10790252657531826	0.48640106669207184
533	0.003	0	0.002373260445892811	0.13908459845808135	0.5605576526687137
534	0.003	0	0.0022992922458797693	0.13005453511891063	0.5132131161164217
537	0.003	0	0.002093624323606491	0.07818010073582907	0.3022694776932668
544	0.003	0	0.002724591875448823	0.08817622162547305	0.36710137636489165
544	0.003	0	0.0018606961239129305	0.015363782943810057	0.0734564881259994
545	0.003	0	0.0032857630867511034	0.011891753885727512	0.06383037302114354
546	0.003	0	0.0021809858735650778	0.15950124088877984	0.6442649258085167
547	0.003	0	0.0020444104447960854	0.1034741663228256	0.43190383460627385
548	0.003	0	0.002254537772387266	0.09041607175913868	0.3944324253166396
549	0.003	0	0.0020631717052310705	0.05150856282837375	0.2659436334533619
551	0.003	0	0.0027813659980893135	0.46504391729579064	1.1638322394999872
552	0.003	0	0.0026376890018582344	0.19615502702345702	0.8093891512545787
553	0.003	0	0.001848396728746593	0.23850767505418832	0.9319769616508792
554	0.003	0	0.0022768161725252867	0.06583867004337758	0.0367952897325767
555	0.003	0	0.0015728023136034608	0.19779493129987272	0.6998694799251363
557	0.003	0	0.0025846315547823906	0.22846751996642403	0.6647369501072478
557	0.003	0	0.00268391240388155	0.1802158335866674	0.7599862623069956
558	0.003	0	0.0035329079255461693	0.18688429418329777	0.40264633455455046
559	0.003	0	0.0034834479447454214	0.12671866295733838	0.31971784707862655
561	0.003	0	0.0016657194355502725	0.7052865497955891	2.6676264481566014
562	0.003	0	0.0026374629233032465	0.23461226703709542	0.53999579770508
563	0.003	0	0.002607902744784951	0.05671537977006101	0.23776323152830192
564	0.003	0	0.0031652539037168026	0.17857763082136796	0.5586579961869003
564	0.003	0	0.0033798811491578817	0.15241586341887012	0.628416358731454
565	0.003	0	0.0029690396040678024	0.1392058287952873	0.6732348251649557
566	0.003	0	0.0029382125940173864	0.06901418998411457	0.07154816906743151
567	0.003	0	0.001807143329642713	0.16892120631317328	0.7695579723110545
568	0.003	0	0.003141217865049839	0.07106625919796691	0.2732653381207233
570	0.003	0	0.002997355069965124	0.3573287358806961	0.8055754848583648
570	0.003	0	0.00323648564517498	0.2092893025910021	0.8849265300989828
571	0.003	0	0.0017738344613462687	0.13328695447008726	0.27580968943826484
571	0.003	0	0.002535856096073985	0.19431935363495037	0.8437290171553427
575	0.003	0	0.002553723519667983	0.4198004984972487	1.6553656284148779
576	0.003	0	0.0035806726664304733	0.549925666482603	1.566805406844471
576	0.003	0	0.001772379269823432	0.7376881947201115	4.0309632333912955
577	0.003	0	0.003474236000329256	0.3850152890593145	1.1630294651956736
577	0.003	0	0.0034574756864458323	1.0918102282317974	4.843432389548443
578	0.003	0	0.0026780390180647373	0.518090871289103	1.1145143047789425
578	0.003	0	0.0026671504601836205	1.377891280619589	5.1781455129744325
579	0.003	0	0.0015239723725244403	1.1391723985496454	3.6205392281337274
580	0.003	0	0.0017966273007914424	0.25250937632714493	0.6651246291269859
581	0.003	0	0.0037184206303209066	0.32911338711393046	1.0759100809701627
583	0.003	0	0.002500012516975403	0.11090527992556262	0.5782493407205033
584	0.003	0	0.0021845342125743628	0.21227409872999267	0.8360814088407155
585	0.003	0	0.0026593846268951893	0.12084875600495859	0.4665200165440992
586	0.003	0	0.0020598387345671654	0.18406390192953856	0.6912936502050303
587	0.003	0	0.002895438577979803	0.05842315451010281	0.2511763648899245
588	0.003	0	0.0024692323058843613	0.14645342274921	0.5829268389820458
590	0.003	0	0.0024510317016392946	1.00838234337086	5.17033814787163
590	0.003	0	0.0030290677677839994	0.12340757368832399	0.4857327026184952
591	0.003	0	0.0028228284791111946	0.25751687442303367	1.0193705975943141
591	0.003	0	0.003064654069021344	0.1241090552082155	0.49876511526961065
593	0.003	0	0.0019201990216970444	0.6921971399238301	2.49807989502626
597	0.003	0	0.003289264626801014	0.452978089056205	1.2421500982050768
600	0.003	0	0.0024894047528505325	0.12322815927902882	0.4733671056734726
601	0.003	0	0.002938679652288556	0.05611370831260104	0.27126774533854414
602	0.003	0	0.0020543846767395735	0.06493659099059361	0.2853353023727273
603	0.003	0	0.002441380638629198	0.6615739724813542	2.4328041607972324
603	0.003	0	0.002677351702004671	0.05786717678368948	0.27183858477713707
604	0.003	0	0.002687412081286311	0.05138194989939648	0.2380615955474436
605	0.003	0	0.0025857773143798113	0.31191640243191987	1.0566688010409513
606	0.003	0	0.0027030855417251587	0.18981956852847398	0.6831400190896681
606	0.003	0	0.0033774038311094046	0.030072713869377377	0.1376457453600791
607	0.003	0	0.0026353418361395597	0.05359527692179122	0.25655814035491376
608	0.003	0	0.0010122419334948063	0.13388991210075865	0.5011073150760994
613	0.003	0	0.002917761681601405	0.8562084193126206	4.019410181911636
616	0.003	0	0.0028339584823697805	0.10565895365301542	0.400900015438026
617	0.003	0	0.002404128899797797	0.31045595772851875	0.5572802390380931
619	0.003	0	0.0017893698532134295	0.26606603366474996	0.7755775931178605
619	0.003	0	0.0019196359207853675	0.06720305827861492	0.289582956544978
620	0.003	0	0.0023367865942418575	0.14214226323434206	0.38451875140983627
626	0.003	0	0.002725831000134349	0.02461946532612042	0.0819644852083947
627	0.003	0	0.0023172444198280573	0.597516236531108	2.7828846059521117
629	0.003	0	0.0032108426094055176	0.07950240588774193	0.3335898002765563
631	0.003	0	0.003046354278922081	0.15796200537152558	0.4600392650453326
632	0.003	0	0.0027396418154239655	0.0968881716588342	0.2961275384025823
635	0.003	0	0.003013807348906994	0.12004180312311959	0.3727430687473205
637	0.003	0	0.0018616445595398545	0.5666423448671974	2.7402816514009056
638	0.003	0	0.0030353006441146135	0.14953280879911252	0.5845141736816505
641	0.003	0	0.0025731802452355623	0.37711033578645164	1.6967674258608871
641	0.003	0	0.002605227753520012	0.08128388120486355	0.2537599430619483
642	0.003	0	0.0028439846355468035	0.34231928211928764	1.4242356710288517
643	0.003	0	0.0035419780761003494	0.35075141394788173	1.2290842527193602
644	0.003	0	0.002665185136720538	0.19573894123825736	0.7420514618046633
644	0.003	0	0.0012636096216738224	0.021065207279885645	0.08006584708240505
645	0.003	0	0.0032172431237995625	0.16686707757146207	0.6463425234319055
646	0.003	0	0.0030344880651682615	0.17089337107517205	0.6740394199190813
648	0.003	0	0.0033299291972070932	0.24346946652089174	0.9343812012327178
649	0.003	0	0.0034282521810382605	0.6258205683299504	1.8497697216142603
650	0.003	0	0.002301869448274374	0.19225534627979196	0.5120382745504787
650	0.003	0	0.0021069329231977463	0.08539280394337076	0.39765172858994124
651	0.003	0	0.0033145032357424498	0.31614490312041876	0.7882752699589941
651	0.003	0	0.002205447992309928	0.07259621411425918	0.3402098163976395
652	0.003	0	0.002720955992117524	0.04977494102218973	0.25001768032817473
654	0.003	0	0.0026405525859445333	0.13267932109954664	0.4454220965635038
655	0.003	0	0.001636651810258627	0.1765048346558616	0.7112805090579334
656	0.003	0	0.002174986992031336	0.04634659257829151	0.22607057667662278
657	0.003	0	0.002389404224231839	0.09782079682026255	0.40885556051816235
659	0.003	0	0.0025816624984145164	0.04801171304952836	0.05092921667028285
661	0.003	0	0.002973239403218031	0.1650490448364496	0.6343272812550428
662	0.003	0	0.0031453585252165794	0.43649732110674383	1.2620269312922303
663	0.003	0	0.002212821040302515	0.07946310611736966	0.2086771696872879
664	0.003	0	0.0031789042986929417	0.10835990092420637	0.7345529020516567
664	0.003	0	0.002544314367696643	0.2995325100211295	1.1799635934051849
668	0.003	0	0.0036101220175623894	0.47414614726372095	1.5910885333931115
668	0.003	0	0.0027408029418438673	0.04715590759802316	0.18599258918530442
672	0.003	0	0.0029596807435154915	0.20982806617860272	1.1136494191881368
675	0.003	0	0.0022846702486276627	0.12668227231338824	0.4631228063048782
676	0.003	0	0.002663752529770136	0.06574467783199733	0.2957388554911701
677	0.003	0	0.0028026821091771126	0.12274428108518064	0.46381077420571976
678	0.003	0	0.002711219247430563	0.054975323764663506	0.2260537502771758
679	0.003	0	0.0008494111243635416	0.053493879721628265	0.2654789212736852
685	0.003	0	0.002104643965139985	0.4465908075415966	1.9473259479315228
685	0.003	0	0.0020286855287849903	0.09415793926961455	0.31960859692452104
686	0.003	0	0.0034493040293455124	0.3730862661796193	1.7135985882586984
686	0.003	0	0.0020171208307147026	0.10104141618482958	0.36035675954386065
687	0.003	0	0.0030394764617085457	0.4911360862178841	2.0781950711438717
691	0.003	0	0.0023160544224083424	0.07529539011382293	0.2515098317661678
693	0.003	0	0.0026597382966428995	0.0407320178207593	0.16520644456923733
694	0.003	0	0.0022225037682801485	0.05104908193163322	0.1728002385519772
695	0.003	0	0.0029503197874873877	0.02368908945215609	0.10400654019064047
698	0.003	0	0.0016553151654079556	0.08605143332016543	0.39935901942455804
703	0.003	0	0.0023136218078434467	0.1507483374172284	0.6226475560706793
709	0.003	0	0.0022686575539410114	0.09298098996058096	0.4091000429484726
710	0.003	0	0.002948589390143752	0.039101339331592724	0.14450657962141714
711	0.003	0	0.0025525351520627737	0.11057077079175522	0.4592923775844814
712	0.003	0	0.0030312163289636374	0.0766889675444329	0.15350570910883934
713	0.003	0	0.00278297858312726	0.17887565645443967	0.6490368392481515
714	0.003	0	0.0024807800073176622	0.1083608103232678	0.45248522219909154
716	0.003	0	0.002514369087293744	0.10654212372309026	0.3246281044914431
717	0.003	0	0.00270221964456141	0.14248878869184622	0.6216437162240066
721	0.003	0	0.0023308706004172564	0.8629503090067963	3.185842351474055
722	0.003	0	0.0028466081712394953	0.12999328673862326	0.3049862167995105
725	0.003	0	0.0015696147456765175	0.12997107555556672	0.4801329192007785
732	0.003	0	0.0028459737077355385	0.04885599168588527	0.19907908772612903
733	0.003	0	0.002298938110470772	0.11451964663688162	0.47072208418006667
734	0.003	0	0.0025452361442148685	0.08293802491718212	0.2634055466643088
737	0.003	0	0.002434883499518037	0.024540342490766982	0.09349998343886731
742	0.003	0	0.002396844793111086	0.1458677601506771	0.7894844031713905
744	0.003	0	0.002836754312738776	0.25979495382237044	1.1917399271365563
749	0.003	0	0.0013223018031567335	0.509524297605154	3.063519625981335
750	0.003	0	0.0026912023313343525	1.403179491409832	5.999070625740985
752	0.003	0	0.0025836534332484007	0.44251192227550845	1.97917079422946
753	0.003	0	0.0029763702768832445	0.5331516993912352	2.3206594662076667
754	0.003	0	0.0020062332041561604	0.5094899418422137	2.1519066969386937
764	0.003	0	0.0031245234422385693	0.555578111072282	2.1573624928639483
765	0.003	0	0.002319742925465107	0.5023693456313016	1.674003262795724
766	0.003	0	0.0027062618173658848	0.38983404643663727	1.0399267727540937
767	0.003	0	0.0026043059770017862	0.18598223320167961	0.5464141026455116
779	0.003	0	0.0015000347048044205	0.25800435789409965	0.9604159881997854
780	0.003	0	0.0063356864266097546	0.24399417459258205	1.012504835458882
782	0.003	0	0.0021958143915981054	0.09992994870760182	0.409077512427292
785	0.003	0	0.002680308884009719	0.3465709823325414	1.8424791017433901
786	0.003	0	0.00224571255967021	0.38518812878042474	1.9944253430061023
788	0.003	0	0.0019954906310886145	0.5942940570661933	2.5712538570671604
789	0.003	0	0.003231713781133294	0.1045568654534162	0.19867566896507505
790	0.003	0	0.003052873769775033	0.13002370559477705	0.4257791559358668
793	0.003	0	0.0020466200076043606	0.21151331249910454	0.8498953222568848
794	0.003	0	0.0025983527302742004	0.22375866158121976	0.42293239020448065
806	0.003	0	0.003326025092974305	0.5591413715788964	1.8526782911646544
807	0.003	0	0.00749082351103425	0.10472079821019797	0.5378480042814834
808	0.003	0	0.0031822524033486843	0.20715154095157345	0.7892409693449333
809	0.003	0	0.0026888661086559296	0.09462950332871534	0.22826121281943754
810	0.003	0	0.0020932795014232397	0.13153659634426124	0.6191907505532414
811	0.003	0	0.0030108129139989614	0.20735840696988161	0.834298713858465
813	0.003	0	0.0021853677462786436	0.2617664811872438	0.8846668997732975
814	0.003	0	0.002903999760746956	0.23434901122569682	0.6677266631883942
816	0.003	0	0.002182296710088849	0.2824975380017931	0.5200210235079678
817	0.003	0	0.0024881879799067974	0.24502714377798435	0.5447054078758737
818	0.003	0	0.002696539741009474	0.23131339414807928	0.6347592494918133
826	0.003	0	0.0034079006873071194	0.37075196773571256	1.8591883010077082
828	0.003	0	0.0035216989926993847	0.3677183534432977	1.6236369265648898
829	0.003	0	0.0021490128710865974	0.29298190358046	1.2528424012105044
830	0.003	0	0.0019369797082617879	0.21238675449424096	0.8390133057794049
833	0.003	0	0.0017874172190204263	0.44703552203025976	1.9441374475690645
834	0.003	0	0.0033421777188777924	0.4532339652635283	1.6777681486561182
835	0.003	0	0.003267341060563922	0.27806445474309716	0.9141705123418492
837	0.003	0	0.0033731756266206503	0.4820511745152161	1.4960051030848025
838	0.003	0	0.003509845584630966	0.38727586546879855	0.9085724467656138
840	0.003	0	0.002533018123358488	0.31654248615505504	1.1597359866044061
841	0.003	0	0.0023721386678516865	0.3907830221493346	0.9924228815642477
843	0.003	0	0.0028300851117819548	0.4699170358293979	1.690218306549015
844	0.003	0	0.0027555394917726517	0.3509697963067703	1.1328642003672103
845	0.003	0	0.0019928966648876667	0.3250807405209578	1.0788165948606996
846	0.003	0	0.002589677693322301	0.34722075935836405	1.0125665015239256
847	0.003	0	0.0027535916306078434	0.22463214357321623	0.9963337479549385
848	0.003	0	0.00254223239608109	0.2283683389801316	1.0424640860918006
850	0.003	0	0.003196241334080696	0.06626366597847431	0.21497561044704458
851	0.003	0	0.0036537344567477703	0.0297113009888108	0.06829934021877275
853	0.003	0	0.0023362161591649055	0.16194866713865774	0.8048582673520558
854	0.003	0	0.0025677864905446768	0.24318342816604022	1.2224870080921444
857	0.003	0	0.003907840698957443	0.4127595185546005	1.695420760008717
858	0.003	0	0.0037734529469162226	0.7459358964533456	2.6987134937909287
859	0.003	0	0.0027267448604106903	0.8156130348115527	3.0395606916644144
860	0.003	0	0.002518630353733897	0.5583925395140431	2.1557429290185075
861	0.003	0	0.0020446598064154387	0.25271872875249335	1.4257182298309108
864	0.003	0	0.0025972742587327957	0.15269367096876302	0.3618441215217848
866	0.003	0	0.0023203289601951838	0.18976009070585403	0.7232127379822563
867	0.003	0	0.002564252121374011	0.5415147568561389	2.2389737706445
868	0.003	0	0.0037463949993252754	0.46745598482688694	2.1842036997674716
869	0.003	0	0.003012238536030054	0.30184519952016753	1.7391089799208888
870	0.003	0	0.0034492334816604853	0.2656796876437576	1.2457252145873299
871	0.003	0	0.0035261213779449463	0.40939384960285397	1.604796185906666
874	0.003	0	0.002199301728978753	0.44788437171425893	1.9246828993645895
874	0.003	0	0.003092552535235882	0.17780448904619173	1.0587189726228579
875	0.003	0	0.002567179035395384	0.8832226826375621	2.057644862117375
875	0.003	0	0.0019551212899386883	0.27965425387572146	1.3729793410172157
876	0.003	0	0.004054192919284105	0.15092221883349685	0.3740516812955873
877	0.003	0	0.0016460921615362167	0.5234683838250906	1.4477948658754467
878	0.003	0	0.00266594928689301	0.13250826497953724	0.6079870082746768
878	0.003	0	0.003182061482220888	0.31661779205309193	1.5654481285906234
879	0.003	0	0.0016759121790528297	0.3961324661708802	1.4839535910816029
879	0.003	0	0.002502766903489828	0.2757411914247274	1.2131454211354118
880	0.003	0	0.002379209501668811	0.17255843165504153	0.7714314169454427
880	0.003	0	0.0016981923254206777	0.36671347092514095	1.1575831423407716
883	0.003	0	0.0029486585408449173	0.3347627149754177	1.4437224140826495
884	0.003	0	0.0038813117425888777	0.13892252058861004	0.6414057462050596
884	0.003	1	0.0033707753755152225	0.7671046382973182	2.9560232687293455
885	0.003	0	0.0023764376528561115	0.7855476597488772	2.6920632139564464
886	0.003	0	0.0025014947168529034	0.7529394890748474	2.879367720110779
889	0.003	0	0.002437471179291606	0.2843935374896688	1.182893304413305
889	0.003	0	0.003039112314581871	0.24269821252227308	0.8815817754672703
891	0.003	0	0.0026489021256566048	0.1589634683617677	0.4081752834157147
892	0.003	1	0.003248171415179968	0.5550301458987652	2.3915189648448782
893	0.003	0	0.0024568934459239244	0.385395199319508	1.1832827053360884
893	0.003	0	0.0029498636722564697	0.669767065941892	2.50947855874013
894	0.003	0	0.002865762449800968	0.997974671874261	3.7122978749041335
897	0.003	0	0.002754420740529895	0.2571306659239679	0.9701361573028754
899	0.003	0	0.0018726601265370846	0.30856268350433	1.1230952415022937
900	0.003	0	0.002265176735818386	0.12220190176317787	0.30598842228458256
905	0.003	0	0.0027509110514074564	0.39497686865445686	1.0641138856789147
905	0.003	0	0.003316190093755722	0.6273426191298688	2.4999707216943907
906	0.003	0	0.0030696315225213766	0.14676409850942787	0.3074627290817423
912	0.003	0	0.0032845125533640385	0.5156861245802917	2.3693407142071883
914	0.003	0	0.00323089468292892	0.47023584544707914	1.3397806050148287
917	0.003	0	0.0029312216211110353	0.13594072219536604	0.643330193092388
919	0.003	0	0.0021871875505894423	0.4189235190484173	1.2605197628152367
924	0.003	0	0.0025744177401065826	0.27286047848825123	1.1440946130227494
927	0.003	0	0.002983629936352372	0.2026408271073849	0.8990245327410126
939	0.003	0	0.002162629971280694	0.2011041166071656	0.8244189737542789
940	0.003	0	0.002707652049139142	0.20038871920627965	0.7538532257580893
941	0.003	0	0.0017914228374138474	0.16829071638803605	0.4619981595425062
946	0.003	0	0.003122870810329914	0.21428683602091722	0.7057391217733794
947	0.003	0	0.0033195645082741976	0.17692478358480218	0.5428448835349964
948	0.003	0	0.0025768817868083715	0.07994148413872504	0.29223766925388056
955	0.003	0	0.002304835245013237	0.20085348521425472	0.7725647903957781
958	0.003	0	0.0016023976495489478	0.11902414365493556	0.5406847448655581
959	0.003	0	0.0017228899523615837	0.1517514740515958	0.6276258192735679
960	0.003	0	0.0035137904342263937	0.11800301903765187	0.3340896602347051
961	0.003	0	0.0032071552705019712	0.16078423895974936	0.2553079850968375
967	0.003	0	0.0028959736227989197	0.24945498126403495	0.9461295246776784
968	0.003	0	0.002344750566408038	0.25583599994145284	0.6414582730821369
969	0.003	0	0.0019829876255244017	0.33133370994359773	1.4165470049644755
970	0.003	0	0.0027066259644925594	1.001195359386726	3.801466425838188
971	0.003	0	0.0027975812554359436	0.5242753501204079	2.2551362992390303
977	0.003	0	0.002700469456613064	0.29776007055407544	0.9112707884426232
977	0.003	0	0.0018174931174144149	0.2688443854961512	0.841875783420786
978	0.003	0	0.0028407410718500614	0.16162553331762794	0.6994229847130418
979	0.003	0	0.003123887814581394	0.0806248170132468	0.4514302424037293
981	0.003	0	0.0023259292356669903	0.32696871912987396	1.2926018796308032
985	0.003	0	0.0020816719625145197	0.21448213295337476	0.6119715314517096
986	0.003	0	0.0007584100239910185	0.33104389408501445	1.731073340609965
987	0.003	0	0.0020247078500688076	0.7280841967453126	3.073066741874875
989	0.003	0	0.00281403842382133	0.31394637022904065	1.212420807657163
991	0.003	0	0.0025947873946279287	0.25195157510087973	0.7947060306486622
993	0.003	0	0.0022578793577849865	0.23006931830119032	0.8949463181972229
993	0.003	0	0.002142648445442319	0.26264070599399963	0.7288999181768513
994	0.003	0	0.0031125019304454327	0.4588987505259733	1.5914241803640203
994	0.003	0	0.0017706704093143344	0.14759225233454507	0.7268074799603034
995	0.003	0	0.0030221741180866957	0.22804633934450746	0.8642078022060724
995	0.003	0	0.0035081219393759966	0.13960154827478868	0.6554418756943786
996	0.003	0	0.0027166232466697693	0.3726891777789865	1.4142948233242052
997	0.003	0	0.001856480841524899	0.3093200208366455	1.2445075794405906
998	0.003	0	0.0036719939671456814	0.2902944931749421	1.3082687539732507
1001	0.003	0	0.0025357038248330355	0.7376801758007833	2.653669072109495
1001	0.003	0	0.0028251567855477333	0.2164119460895114	0.4938684152414224
1002	0.003	0	0.0024942352902144194	0.2751051959633931	1.4663480666806388
1002	0.003	0	0.0022009278181940317	0.1380309143877533	0.5919195557823689
1003	0.003	0	0.006248157937079668	0.3322302519563234	1.9078288051754961
1003	0.003	0	0.0023032331373542547	0.209692351468115	0.805180108887241
1005	0.003	0	0.002729888306930661	0.8914988900379	3.7247929913757494
1008	0.003	0	0.0017812791047617793	0.15241855867990056	0.5691417565814993
1008	0.003	0	0.00247037666849792	0.2507730315510452	0.35261976330128936
1010	0.003	0	0.0030344161204993725	0.6030734215041331	2.564749537093601
1011	0.003	0	0.0021772596519440413	0.21935348267883836	1.460471995728555
1012	0.003	0	0.0018988833762705326	0.45297028395717714	2.5944660604754453
1014	0.003	0	0.002873875666409731	1.039116114417027	4.3225531974012945
1014	0.003	0	0.0023430492728948593	0.07530659438313447	0.2854437189715584
1015	0.003	0	0.002793748863041401	0.19256594602369942	0.5098992640716745
1016	0.003	0	0.00243526347912848	0.17492778136649362	0.5821566704235104
1017	0.003	0	0.0030777102801948786	0.2872080163178727	1.105263812450481
1019	0.003	0	0.0021202440839260817	0.1975704255522948	0.4065748792797016
1020	0.003	0	0.0023809189442545176	0.21330833121392426	0.6155005172462155
1021	0.003	0	0.0030786956194788218	0.34421462919442375	1.1397566348048513
1022	0.003	0	0.0032656423281878233	0.040248221441642563	0.18095899774301605
1023	0.003	0	0.002612096955999732	0.44248308344514375	1.3803335073734022
1023	0.003	0	0.0022413108963519335	0.11462850006465748	0.5167478922587361
1024	0.003	0	0.0020124141592532396	0.4508556163201944	1.318286465412682
1024	0.003	0	0.0023810286074876785	0.2172002644957443	0.8641709375584417
1025	0.003	0	0.0032898348290473223	0.05018163585668541	0.2965049878513725
1026	0.003	0	0.0028421026654541492	0.3561443472739526	1.421812999077584
1026	0.003	0	0.003436371451243758	0.12109024428950388	0.5208784196537845
1027	0.003	0	0.0029197477269917727	0.2658139111726268	1.085045614776688
1028	0.003	0	0.0026042198296636343	0.6006437723386764	2.36262978746678
1029	0.003	0	0.0023425226099789143	0.23146374680586504	0.814164550009914
1030	0.003	0	0.0008532835636287928	0.2418736238131681	0.894900264138725
1032	0.003	0	0.003509216010570526	0.21554503135051237	0.7174925738360755
1033	0.003	0	0.0020947910379618406	0.10987016470808578	0.4315094223341359
1033	0.003	0	0.0029727357905358076	0.0694047288489035	0.365705329688953
1034	0.003	0	0.001800893573090434	0.7324798721136051	1.945396879766927
1035	0.003	0	0.002342195948585868	0.1657679122793148	0.6453844935680879
1036	0.003	0	0.0032219893764704466	0.374096131602515	1.003694818641217
1037	0.003	0	0.0026902577374130487	0.19093519859068994	0.384963547661597
1038	0.003	0	0.0028449578676372766	0.14389268135657496	0.5362676268061605
1040	0.003	0	0.0032259346917271614	0.19812016952101721	0.5956778674018651
1040	0.003	0	0.0024204745423048735	0.11771333863499811	0.4671188042769525
1041	0.003	0	0.003129197983071208	0.3293810062817398	1.0601228943869365
1042	0.003	0	0.0018849591724574566	0.32027907168125996	0.9892677875385348
1043	0.003	0	0.00287247053347528	0.42213320357081635	1.1359644284947563
1045	0.003	0	0.00250061322003603	0.09060181803030742	0.38106619926012947
1046	0.003	0	0.003328026970848441	0.12191787114515942	0.4666193805675257
1047	0.003	0	0.0022721767891198397	0.08989296191603617	0.14818983988821244
1048	0.003	0	0.002748194383457303	0.1374260031017823	0.5707107328451209
1050	0.003	0	0.0026614402886480093	0.08385440351761735	0.27410148622722813
1051	0.003	0	0.0027422187849879265	0.1118236453367899	0.18934878810568168
1052	0.003	0	0.002236869651824236	0.14400889068816092	0.39896222602130893
1055	0.003	0	0.003031955799087882	0.28060580214080344	1.260320072161424
1055	0.003	0	0.0021162517368793488	0.14563128414414256	0.59233933514137
1056	0.003	0	0.002257555490359664	0.399724028874841	1.2634416763342409
1056	0.003	0	0.001774629345163703	0.04289669503522678	0.24460129806214012
1057	0.003	0	0.003097138600423932	0.1480032668235761	0.6306232779591727
1058	0.003	0	0.0022021580953150988	0.42991747103272393	2.110029613924715
1058	0.003	0	0.0026257066056132317	0.08353275822253067	0.32092579609526817
1061	0.003	0	0.0016047093085944653	1.0475502527162814	4.172327651065748
1062	0.003	0	0.0023308973759412766	0.37781814145008014	0.9247020225116034
1062	0.003	0	0.0035209432244300842	0.14496805016950612	0.6346256620268448
1065	0.003	0	0.0027677512262016535	0.5499955754210056	1.423455928471675
1068	0.003	0	0.0017462370451539755	0.10101960612397087	0.45884498757524667
1069	0.003	0	0.0031003369949758053	0.13774861305020078	0.6435450958875825
1070	0.003	0	0.0027474742382764816	0.11977551435242528	0.6128749390791668
1071	0.003	0	0.0031369165517389774	0.10483975659333251	0.5842384595966797
1072	0.003	0	0.0016442517517134547	0.11637742419403609	0.6384247588725731
1073	0.003	0	0.0027308189310133457	0.19364766961069507	0.9113562042375815
1075	0.003	0	0.0024480209685862064	0.2675463332274828	1.1226014854331587
1076	0.003	0	0.0025293987710028887	0.2431518580889235	1.0302409563817827
1083	0.003	0	0.0014805463142693043	0.0882762543043938	0.3906182133711251
1085	0.003	0	0.0018565336940810084	0.05609608155551434	0.10624331632094133
1086	0.003	0	0.0031266442965716124	0.09950228329965974	0.3501217453473874
1088	0.003	0	0.0023819550406187773	0.01719187035147499	0.042278222844556984
1089	0.003	0	0.0014993291115388274	0.025695050578155302	0.06752957496121283
1091	0.003	0	0.0032260939478874207	0.020857894809156573	0.11240393775622552
1093	0.003	0	0.002877131337299943	0.11330133219554005	0.4445482792484471
1094	0.003	0	0.0023406764958053827	0.22434183806113417	0.7650933230909536
1095	0.003	0	0.0032957035582512617	0.2981623142119458	1.04100703715874
1097	0.003	0	0.002337442245334387	0.1085447736735832	0.30428511037880507
1097	0.003	0	0.003069161670282483	0.02289601096964434	0.089994964589902
1098	0.003	0	0.0028256080113351345	0.5629181352374	2.0484270345084994
1099	0.003	0	0.0025576534681022167	0.6035334636978917	2.096909336273211
1099	0.003	0	0.003124222857877612	0.054148244483364166	0.19401698687135582
1100	0.003	0	0.002899652114138007	0.43568699578667247	1.5266316499285022
1100	0.003	0	0.0029985823202878237	0.012366877949843171	0.018675722325051873
1101	0.003	0	0.0027946284972131252	0.013618979618211078	0.07169548555734961
1104	0.003	0	0.0025033720303326845	1.248552822983094	4.607320412626584
1106	0.003	0	0.0009782406268641353	0.3825990718369256	1.2513038014423463
1109	0.003	0	0.003538367571309209	0.26821186894011645	1.2854811369807162
1111	0.003	0	0.0031570629216730595	0.24763522303717642	1.1888564395752261
1115	0.003	0	0.0032600241247564554	0.2917908539935129	0.845782807363623
1116	0.003	0	0.002927001565694809	0.2297768175018995	0.8516790842653216
1118	0.003	0	0.0016431211261078715	0.0829861651968746	0.4025378004671501
1119	0.003	0	0.0032979731913655996	0.4635303941461901	1.8394911847644027
1120	0.003	0	0.00197431817650795	0.6207092874663768	2.128246896732377
1121	0.003	0	0.0019195348722860217	0.3759462595324849	1.5421255810805157
1122	0.003	0	0.0024522850289940834	0.5084940597437352	1.8785779088904462
1123	0.003	0	0.002227031858637929	0.2915076845412658	1.757810594099741
1124	0.003	0	0.002620119135826826	0.44798879822770277	1.8565768030729048
1126	0.003	0	0.0031049931421875954	0.1520991441463006	0.7289932669198235
1127	0.003	0	0.0021163802593946457	0.13961822148916095	0.22777568604441853
1129	0.003	0	0.0024265097454190254	0.1600017145393863	0.19603864966854495
1130	0.003	0	0.0022728422190994024	0.24420929947718856	0.8164970691797602
1131	0.003	0	0.002087963279336691	0.6038048419353941	1.7846075438660545
1132	0.003	0	0.002845299895852804	0.8774362209432421	2.333866866234277
1132	0.003	0	0.002893022494390607	0.04720697348388616	0.05625889079634671
1133	0.003	0	0.0025408631190657616	0.44165119852999124	1.4857651240721041
1134	0.003	0	0.0034689384046941996	0.3605629599284743	0.9588650906936446
1134	0.003	0	0.002868091920390725	0.06031255633605631	0.27138276368611247
1135	0.003	0	0.00115016323979944	0.44897132560903374	1.5012948163083457
1136	0.003	0	0.0017492135521024466	0.4715444208992137	1.5018283925675007
1140	0.003	0	0.002459334908053279	0.06666364020244482	0.26268830595996556
1142	0.003	0	0.003378205932676792	0.1687720262636892	0.5339366777889059
1144	0.003	0	0.002262643538415432	0.3173058375222529	1.187223497649841
1146	0.003	0	0.002682269783690572	0.1841070010754227	0.41965564085509305
1151	0.003	0	0.00364575139246881	0.3979975816104222	1.4616521323165377
1153	0.003	0	0.002900232095271349	0.10461287341788947	0.48841126146997865
1158	0.003	0	0.0018344984855502844	0.3984428380373642	1.3989918440053863
1161	0.003	0	0.002831378486007452	0.33696985766204096	1.5579168705539923
1162	0.003	0	0.0028469222597777843	0.30595534717217343	1.4827833470772116
1165	0.003	0	0.0028834010008722544	0.34096521334413116	1.387674274921591
1168	0.003	0	0.0026870903093367815	0.21302606858881631	0.9534773767431751
1169	0.003	0	0.0033344377297908068	0.3038965701354942	1.2268044817827202
1173	0.003	0	0.002558106556534767	0.40208537730946814	1.2531920159723846
1174	0.003	0	0.0032473960891366005	0.2680086736027727	1.09320595721406
1177	0.003	0	0.002877739956602454	0.2938281023097429	1.218954252279749
1180	0.003	0	0.0024249283596873283	0.07469794215997445	0.40405039424153427
1181	0.003	0	0.0018629751866683364	0.16865055506294124	1.0393652940991085
1198	0.003	0	0.0035688509233295918	0.09297075830733899	0.3716456883439301
1199	0.003	0	0.0020882808603346348	0.16189498371338662	0.5471917819536746
1200	0.003	0	0.0037299504037946463	0.08766252298933627	0.6738733656170892
1201	0.003	0	0.00378145813010633	0.2013944409605372	1.2515763997876452
1207	0.003	0	0.0022447549272328615	0.25214861673713534	0.90389062761857
1208	0.003	0	0.003009901847690344	0.15603854699194283	0.5755574984555719
1209	0.003	0	0.0029741281177848577	0.08518342051285455	0.31052427880066646
1210	0.003	0	0.0032721292227506638	0.13080876276181636	0.3833378207696602
1211	0.003	0	0.00217341142706573	0.03520509647839657	0.16190600555650314
1218	0.003	0	0.002952383365482092	0.14820750801224072	0.8242419510311124
1223	0.003	0	0.003737550461664796	0.18839381739176095	0.732369418626121
1225	0.003	0	0.002893716562539339	0.39427291121704744	1.885903545416601
1234	0.003	0	0.0028728721663355827	0.11525292253430025	0.3576873563335143
1235	0.003	0	0.001709381234832108	0.07303176322679154	0.2552551008259889
1236	0.003	0	0.002784469397738576	0.1541348334051508	0.5116951404933058
1237	0.003	0	0.0018653261940926313	0.3476268432913721	1.7051198983015137
1242	0.003	0	0.0028911030385643244	0.2807459649110351	0.8815048940164022
1247	0.003	0	0.003113000886514783	0.2948953369035455	1.6276673728144198
1253	0.003	0	0.001499873585999012	0.413765804620528	1.3984778016333044
1264	0.003	0	0.0019828774966299534	0.4369850783327691	1.8788445238827192
1265	0.003	0	0.002937679411843419	0.40642953468114373	1.7121808951674435
1266	0.003	0	0.002914109732955694	0.3004693959343415	0.930273021279266
1267	0.003	0	0.0032294851262122393	0.45654737881062485	1.1515957209769658
1268	0.003	0	0.0027816116344183683	0.17119112486746366	0.6798500374010169
1269	0.003	0	0.003812717506662011	0.4185673074547564	1.8564039397541312
1270	0.003	0	0.0029868860729038715	0.6087887568258485	2.432092404063718
1271	0.003	0	0.003109246725216508	0.2175061835492489	1.058548258063524
1272	0.003	0	0.0023786916863173246	0.2958512388960918	1.3840465432413829
1286	0.003	0	0.0025778610724955797	0.8191459172249205	3.5012304414942186
1294	0.003	0	0.0022473789285868406	0.17466170060362865	0.9157961355038617
1307	0.003	0	0.0022176282946020365	0.2218463847533617	0.7540293656403345
1313	0.003	0	0.0023713745176792145	0.46307803687611776	1.370284111161604
1316	0.003	0	0.0021278478670865297	0.38588471433447796	1.4982063961885375
1318	0.003	0	0.0028561335057020187	0.3475049291299251	1.384174357828496
1337	0.003	0	0.002642730949446559	0.19708814554898244	0.3911407923858845
1338	0.003	0	0.0026247650384902954	0.21423815189672946	1.0466322647452526
1340	0.003	0	0.002919837599620223	0.9505223298517202	3.809075976910698
1350	0.003	0	0.002996734343469143	0.25240058732980325	0.9792549105368965
1351	0.003	0	0.003259895835071802	0.17509718720411097	0.7106196131267887
1353	0.003	0	0.0025294828228652477	0.22544839373537434	0.7325846374759152
1362	0.003	0	0.00256643770262599	0.16168416625578447	0.5235075716576574
1367	0.003	0	0.002422827761620283	0.1226079040625101	0.3732986367347129
1375	0.003	0	0.0024094227701425552	0.09285825181942807	0.27459473299766546
1376	0.003	0	0.0026601506397128105	0.1700558753394918	0.5778043331592079
1378	0.003	0	0.0025134137831628323	0.16926156774398182	0.9606892365116508
1381	0.003	0	0.002313224831596017	0.1930942892635859	0.7973491567183958
1383	0.003	0	0.003236374817788601	0.4278807364544902	1.4168948652256932
1388	0.003	0	0.0026955795474350452	0.24615803066860978	1.0808335459653442
1389	0.003	0	0.001973414095118642	0.44873528257014333	1.8070305713726194
1390	0.003	0	0.0030593564733862877	0.33234234689521286	1.3039518241375643
1391	0.003	0	0.0031179983634501696	0.2299291231396506	1.1189003511436018
1393	0.003	0	0.0027083544991910458	0.37460818029095483	1.316888235893861
1398	0.003	0	0.002833827631548047	0.1815713246047013	0.9517051482025782
1399	0.003	0	0.002356693148612976	0.3385037450735938	1.3567114841863752
1400	0.003	0	0.001464684377424419	0.4305406352408691	1.719422518228949
1401	0.003	0	0.0027155610732734203	0.5187644716724664	2.2125893265947503
1404	0.003	0	0.002429517451673746	0.791536755286026	3.338626593321015
1405	0.003	0	0.003226745408028364	0.44711252035297333	1.7095924174026425
1411	0.003	0	0.00273221917450428	0.5593272479782214	2.341322910047969
1412	0.003	0	0.003022868651896715	0.2668359335539321	1.1793821184058757
1413	0.003	0	0.002380227902904153	0.2138591722768986	1.0485338162415725
1414	0.003	0	0.0033782594837248325	0.27381561380901676	1.1273285567015185
1417	0.003	0	0.0028453292325139046	0.4535519421971654	1.5517403974140844
1418	0.003	0	0.0023906659334897995	0.26872957778361367	1.0355872187675532
1419	0.003	0	0.0020266687497496605	0.23087346618037768	1.071638242259594
1421	0.003	0	0.0016355181578546762	0.3752523185401356	1.6546551025202179
1422	0.003	0	0.0016101860674098134	0.1880590783170768	0.8256697844366223
1423	0.003	0	0.0027344811242073774	0.2501592610539292	1.0588938717246348
1425	0.003	0	0.00291868532076478	0.3219385503336249	1.2564203387753488
1433	0.003	0	0.002051066840067506	0.1026624711713706	0.1953037215014498
1445	0.003	0	0.002052739728242159	0.23090881365754573	0.5540222559149786
1447	0.003	0	0.0026434981264173985	0.2043970604862255	0.39243132223168087
1448	0.003	0	0.0025033995043486357	0.29305522280854746	1.219982549455274
1449	0.003	0	0.00276056001894176	0.41362547314930803	1.7776578228338322
1450	0.003	0	0.003057832131162286	0.5243151095911308	1.7362965828971728
1452	0.003	0	0.002091875998303294	0.19725606210277405	0.7413172971592493
1453	0.003	0	0.0012432063231244683	0.16053463096816195	0.48888185980922017
1455	0.003	0	0.002652533119544387	0.16550938577904736	0.737101675445299
1456	0.003	0	0.0027249071281403303	0.43613991093380605	1.5795902337385912
1458	0.003	0	0.002306659473106265	0.18177978716672277	0.6376358325361882
1459	0.003	0	0.002893923781812191	0.2960887011414277	1.0816714540447687
1462	0.003	0	0.0027187278028577566	0.42482557427947687	1.742549789389721
1469	0.003	0	0.0022044070065021515	0.4417521594646891	1.1737235332397464
1470	0.003	0	0.002013356192037463	0.7126019076386346	3.2233686927556255
1471	0.003	0	0.001882268232293427	0.38735700685295366	0.9797215406369458
1478	0.003	0	0.0034053679555654526	0.2795754470334111	1.011055102930071
1479	0.003	0	0.0035876594483852386	0.6258981934758006	2.417051459455206
1480	0.003	0	0.003032579319551587	0.5268022977623485	1.7979799448253426
1482	0.003	0	0.003663366660475731	0.12206833098335554	0.5976037119454212
1486	0.003	0	0.002249443205073476	0.18630282485026614	0.500102434716124
1487	0.003	0	0.003328396240249276	0.13436621856443334	0.638897317254618
1488	0.003	0	0.001036204630509019	0.1313666258472414	0.9468232855994734
1489	0.003	0	0.00251395464874804	0.13036066653571923	0.2005810609687346
1490	0.003	0	0.00257877167314291	0.2680906009264869	0.8937018905542248
1492	0.003	0	0.001896166941151023	0.08572136497200662	0.38981178458107246
1496	0.003	0	0.0020435412880033255	0.2451329009985313	1.5508392829744004
1497	0.003	0	0.0026049185544252396	0.33194296058340955	1.7755425370497764
1498	0.003	0	0.0033109739888459444	0.6947898358061052	2.7228381084400524
1505	0.003	0	0.002392556518316269	0.03528381882665697	0.019925018401811424
1506	0.003	0	0.0019780152942985296	0.05843212787765425	0.26095365577036894
1508	0.003	0	0.002106322208419442	0.057127166998701885	0.26488843911703186
1509	0.003	0	0.0023224789183586836	0.06850194594400309	0.28765980993266427
1510	0.003	0	0.0032603733707219362	0.015095232797169657	0.06989657889285338
1514	0.003	0	0.0024532550014555454	0.0719048573859928	0.27194777782565566
1516	0.003	0	0.0019017832819372416	0.04086015855191569	0.12456194354366966
1519	0.003	0	0.0027277362532913685	0.09583787851739348	0.4429639079655186
1520	0.003	0	0.0021938930731266737	0.054009257489932495	0.17410900671221452
1521	0.003	0	0.003108501434326172	0.20023408832274672	0.7317979385932496
1526	0.003	0	0.0023411442525684834	0.028217890875981123	0.0941355145355906
1528	0.003	0	0.0030772399622946978	0.031007120713723597	0.164151447284343
1531	0.003	0	0.0020062909461557865	0.17884827564592382	0.725728367151713
1532	0.003	0	0.00256610126234591	0.0837680666707172	0.5407649559562858
1533	0.003	0	0.0024980376474559307	0.18666239462980264	0.8586133283131384
1535	0.003	0	0.002815796760842204	0.34303937913601096	1.187770238888767
1541	0.003	0	0.003267345018684864	0.14724581387408864	0.43843529339232207
1545	0.003	0	0.001881284057162702	0.18770396089650754	0.4349886489866226
1546	0.003	0	0.0025534851010888815	0.11103506615215455	0.6952164356360823
1547	0.003	0	0.002993697067722678	0.3133018018478787	1.2430965289702183
1548	0.003	0	0.0031660019885748625	0.21973620553236695	0.7747392125500209
1554	0.003	0	0.0011698759626597166	0.22002544183060735	1.0160065669854899
1555	0.003	0	0.0032171146012842655	0.14199040921680592	0.7310168767810971
1562	0.003	0	0.002381628379225731	0.08972504855008112	0.32119368764255524
1563	0.003	0	0.0028824699111282825	0.10275093040503554	0.3315277068657069
1564	0.003	0	0.002415828173980117	0.10704983305070591	0.530109523762003
1565	0.003	0	0.003302518278360367	0.20172408717094423	0.6962416886084194
1566	0.003	0	0.0018348429584875703	0.31529139580341115	0.6589414247456405
1568	0.003	0	0.0028883537743240595	0.09145719213274413	0.22842803622938315
1569	0.003	0	0.0027702944353222847	0.135838696557614	0.7914578424696016
1570	0.003	0	0.0028090139385312796	0.18712551695905258	0.8673887067172846
1571	0.003	0	0.001650479738600552	0.37101382012954387	1.1724849948262759
1572	0.003	0	0.0017409117426723242	0.27008778912350495	1.1565790287150426
1573	0.003	0	0.002833389677107334	0.5110188649786005	1.6999093486987025
1576	0.003	0	0.003613007254898548	0.28324978933044687	0.8445701972333594
1581	0.003	0	0.003319870913401246	0.15892113200349484	0.5904210605547623
1587	0.003	0	0.00248864502646029	0.5623228429895757	2.023780251442916
1590	0.003	0	0.0017215795814990997	0.1959610092746583	0.7441237741984986
1595	0.003	0	0.0029254003893584013	0.09000334899834776	0.41857775925157487
1606	0.003	0	0.0023104380816221237	0.4242263750286607	1.6219183840099125
1607	0.003	0	0.002782608615234494	0.221052666610429	0.9404025952985577
1608	0.003	0	0.0025104028172791004	0.2909242889915114	1.5478679004682772
1609	0.003	0	0.002949248068034649	0.41654886330182417	2.386553267713793
1610	0.003	0	0.0020535876974463463	0.6676507609584387	3.2058987422995346
1611	0.003	0	0.0022792916279286146	0.633942618822437	3.165709064138266
1612	0.003	0	0.0031780689023435116	0.30263909175629006	1.5191349366301614
1613	0.003	0	0.0025676169898360968	0.383014421181717	1.6127111251550617
1614	0.003	0	0.0019818798173218966	0.37406407118158796	1.406745559311242
1615	0.003	0	0.0019064771477133036	0.49854382474845654	1.937874367659685
1616	0.003	0	0.0044584511779248714	0.42218405367340756	1.7178348396040266
1617	0.003	0	0.002988099819049239	0.49170513355899365	1.6832007337599513
1619	0.003	0	0.0031354764942079782	0.23508811648980887	0.6761168784592625
1620	0.003	0	0.0020345307420939207	0.19572375546442736	0.412099326454402
1621	0.003	0	0.002657051431015134	0.6332306345722425	2.7271315558734965
1622	0.003	0	0.0031635442283004522	0.9878179211475391	3.444034184109704
1623	0.003	0	0.0027288109995424747	0.4845527922778639	1.98869288031957
1625	0.003	0	0.002771989442408085	0.190075604798564	0.614726458871207
1626	0.003	0	0.0025225321296602488	0.17661421651351775	0.541926953603724
1628	0.003	0	0.0031637493520975113	0.30661071018033637	1.5471261439878288
1629	0.003	0	0.002911165589466691	0.9494480391623089	3.7649821547452427
1630	0.003	0	0.0033718456979840994	0.5806159615745022	2.375905841190553
1633	0.003	0	0.0028052881825715303	0.1990650595186999	0.5088466562413639
1637	0.003	0	0.0030495095998048782	0.2527421471722865	1.2739960751477672
1640	0.003	0	0.0028047398664057255	0.2702156928523334	0.9313813686883954
1641	0.003	0	0.002476016292348504	0.2685064860588475	1.059627816947744
1645	0.003	0	0.0020720676984637976	0.27883480702419744	1.7009815490267468
1647	0.003	0	0.0024345931597054005	0.20529392841065566	1.0892495362975665
1650	0.003	0	0.0019479147158563137	0.11415234756570754	0.546092190674563
1651	0.003	0	0.0023866763804107904	0.15221375068595155	0.6927192881575974
1655	0.003	0	0.001905588898807764	0.24441653485725678	1.345648679659853
1656	0.003	0	0.0022439160384237766	0.19755405074957932	0.8011069509670206
1658	0.003	0	0.0024507995694875717	0.12559211285874716	0.39889636207812035
1663	0.003	0	0.0024817767553031445	0.7194630058699538	2.4238539377948003
1664	0.003	0	0.0032243465539067984	0.3869217798341153	1.3042489196950513
1665	0.003	0	0.0025630902964621782	0.34959266474581685	1.220423680490399
1673	0.003	0	0.0015991110121831298	0.33177651618638654	1.1208508436294569
1678	0.003	0	0.00283161667175591	0.6085206362965347	2.763206288042379
1681	0.003	0	0.0030274447053670883	0.23848140730438733	1.0884968537831166
1682	0.003	0	0.00310911750420928	0.24751740162489322	1.102438084145146
1689	0.003	0	0.0022946884855628014	0.1794483953867634	0.9020668844492868
1696	0.003	0	0.003042185679078102	0.16303968939420393	0.5602085766249754
1699	0.003	0	0.003184857778251171	0.15897787768815683	0.6040164554137478
1700	0.003	0	0.0021904732566326857	0.26861484983239264	0.9717718008274338
1705	0.003	0	0.001684947987087071	0.18653876533664884	0.7454485393149993
1706	0.003	0	0.002777113812044263	0.22791883528668808	0.9002096626396935
1709	0.003	0	0.002902180189266801	0.1249369122949956	0.5250495491260627
1714	0.003	0	0.0034439072478562593	0.17976874805736104	0.5547604024757926
1719	0.003	0	0.0020917970687150955	0.2809974091003253	1.099546331217833
1729	0.003	0	0.002812802791595459	0.1695277979209287	0.5336054005031177
1731	0.003	0	0.0025043864734470844	0.19662534454581074	0.700981365467878
1732	0.003	0	0.0028907665982842445	0.06340422142580618	0.07263923249974281
1733	0.003	0	0.0036811837926506996	0.09016938607229574	0.3936528020314913
1743	0.003	0	0.0018881517462432384	0.08780153723647825	0.27466828628457673
1744	0.003	0	0.0031507578678429127	0.12762314303848582	0.3834420878858255
1751	0.003	0	0.0022600367665290833	0.07194922015478022	0.3377328040495042
1752	0.003	0	0.002495197579264641	0.1680341849796705	0.5212631717601437
1760	0.003	0	0.0019015863072127104	0.10260522586321075	0.3159083536985148
1761	0.003	0	0.0032865197863429785	0.13502505504112036	0.40370024047948416
1763	0.003	0	0.0026334398426115513	0.2729923466775933	1.16707650751083
1764	0.003	0	0.00267217168584466	0.3016668104302737	1.1577795232537798
1765	0.003	0	0.002399650402367115	0.10852161812663004	0.3561351246890875
