scene_id	sigma	col	noise_norm	ade	fde
0	0.0	0	0.0	0.1480117658816713	0.5568680902104044
1	0.0	0	0.0	0.17269041958900583	0.7024377057673187
2	0.0	0	0.0	0.17934814849302902	0.6882998236793425
3	0.0	0	0.0	0.2706997168598271	1.023599528069242
3	0.0	0	0.0	0.14297119208812126	0.5059336067046314
4	0.0	0	0.0	0.6149445694890219	1.521813747708944
4	0.0	0	0.0	0.1032966004549867	0.24931891831706388
5	0.0	0	0.0	0.26166398201700575	1.0012403338304585
5	0.0	0	0.0	0.2629672518981798	0.4013108514659768
5	0.0	0	0.0	0.2303702582423671	0.9075399750961745
6	0.0	0	0.0	0.07436124849702659	0.1781992965174295
6	0.0	0	0.0	0.7912274640284844	2.7267551984126444
6	0.0	0	0.0	0.14832275845479007	0.7070034283670592
7	0.0	0	0.0	0.6170729583866242	1.6587646729287355
8	0.0	0	0.0	0.26160233843713404	1.0339210685301945
8	0.0	0	0.0	0.7669394411941733	2.4505839319637355
9	0.0	0	0.0	0.20772507060969655	0.737320074842366
9	0.0	0	0.0	0.2519287353824561	0.8078920577857033
10	0.0	0	0.0	0.20460503554726608	0.8409779908136055
10	0.0	0	0.0	0.454883874518797	1.8774936856167008
10	0.0	0	0.0	0.20147713564759556	0.8379164103643624
11	0.0	0	0.0	0.39248476420686046	1.8268336876687354
11	0.0	0	0.0	0.15824366742893445	0.5809125471140851
11	0.0	0	0.0	0.17827440543693635	0.9408215967072825
12	0.0	0	0.0	0.46723556580367065	1.9335058535317282
12	0.0	0	0.0	0.6999752061125888	2.029989789067619
12	0.0	0	0.0	0.1602767990177865	0.8880689142070027
13	0.0	0	0.0	0.48229168751946505	1.9790586514312574
13	0.0	0	0.0	1.0535849459573885	3.644254280305687
14	0.0	0	0.0	0.28055471226879697	1.3188023909124238
14	0.0	0	0.0	0.4769557732558147	1.8158972212065747
15	0.0	0	0.0	0.2626608823506209	1.3620160625934499
15	0.0	0	0.0	0.499957197463223	1.9005973923432924
16	0.0	0	0.0	0.5062092297946524	2.129581014950674
16	0.0	0	0.0	0.19287586190106243	0.768655468294741
17	0.0	0	0.0	0.5702737559593545	2.060114138006953
17	0.0	0	0.0	0.5341977111412997	2.0639526210266452
17	0.0	0	0.0	0.17669317414191754	0.9129318396634845
18	0.0	0	0.0	0.30111211716688197	1.21748961307816
18	0.0	0	0.0	0.2842935265693767	1.2091863497847875
19	0.0	0	0.0	0.11319396281841768	0.5516988185707344
19	0.0	0	0.0	0.6916159006418772	2.969500421255587
20	0.0	0	0.0	0.2936750180991162	1.0394242948225467
20	0.0	0	0.0	0.3924694087536089	1.4534070740806142
21	0.0	0	0.0	0.4242579916667306	1.7766603356013848
21	0.0	0	0.0	0.40974954621833476	1.3891484931539193
22	0.0	0	0.0	1.0727133977375485	3.290801743812783
23	0.0	0	0.0	0.5235701880514118	1.7722017256980118
24	0.0	0	0.0	0.2881112310185387	1.5266927016160663
24	0.0	0	0.0	0.054558665962717405	0.2368186192533124
26	0.0	0	0.0	0.9916652573626844	4.210491265268379
27	0.0	0	0.0	0.9956179567440087	4.103697330431941
28	0.0	0	0.0	0.14737757213315225	0.48269183726192566
29	0.0	0	0.0	0.03088641755834079	0.10226842243051434
30	0.0	0	0.0	0.6775083299565343	2.1527855141666605
31	0.0	0	0.0	0.2801869615481952	0.8193042816773801
31	0.0	0	0.0	0.05350310468135901	0.2539058688224808
32	0.0	0	0.0	0.276539411429941	0.8028497119497847
33	0.0	0	0.0	0.2536344169337978	0.7767271874125466
34	0.0	0	0.0	0.25871158351349227	1.1496928691666748
35	0.0	0	0.0	0.21393708566088065	0.6560339755391249
35	0.0	0	0.0	0.20670692242686733	0.7950024396605587
36	0.0	0	0.0	0.1415377844270532	0.32960961566235186
36	0.0	0	0.0	0.12343539170447547	0.41428327739125886
37	0.0	0	0.0	0.7375236950102063	2.2467886638921235
38	0.0	0	0.0	0.4718870662064666	1.2851903007454286
39	0.0	0	0.0	0.2849202796893349	0.756674584535511
40	0.0	0	0.0	0.07608010976009022	0.2622880414176743
40	0.0	0	0.0	0.24773955747271334	0.5134763977024263
41	0.0	0	0.0	0.22214105782661905	0.2691851257696124
42	0.0	0	0.0	0.3767632441587582	1.3700547267764647
43	0.0	0	0.0	0.1791581503144178	0.5034168652455837
44	0.0	0	0.0	0.11597563076404092	0.5261967200069749
44	0.0	0	0.0	0.20907078531187917	0.6933137081728347
44	0.0	0	0.0	0.22414619235624084	0.33022432260090734
45	0.0	0	0.0	0.3390456724281029	0.899013066432246
45	0.0	0	0.0	0.15756682071310862	0.901695280225388
49	0.0	0	0.0	0.14410071809287944	0.57366351321763
49	0.0	0	0.0	0.4594066935873264	1.7207481676506664
50	0.0	0	0.0	0.17206390290575954	0.5455619955638956
50	0.0	0	0.0	0.3547667302214103	1.3034813149588327
51	0.0	0	0.0	0.29135803929541676	1.0315368360315569
52	0.0	0	0.0	0.11399798708068795	0.47994836222557014
52	0.0	0	0.0	0.25595699371036484	0.8584804799262286
54	0.0	0	0.0	0.21195365530650556	0.7994189813005926
54	0.0	0	0.0	0.38845072935459335	1.9710698400302418
55	0.0	0	0.0	0.49274617366547124	2.0273733883870078
56	0.0	0	0.0	0.3885846780238153	1.4466815626431715
57	0.0	0	0.0	0.4101821747422714	1.624777892081573
58	0.0	0	0.0	0.3404017619856088	1.1254647051700046
60	0.0	0	0.0	0.38293307834001067	1.399914715015682
60	0.0	0	0.0	0.48907168996884487	2.206291932824295
61	0.0	0	0.0	0.12002198340826828	0.3176423012846502
61	0.0	0	0.0	0.44928457639973807	1.9455601744583966
62	0.0	0	0.0	0.0770651539394995	0.31538873544509116
62	0.0	0	0.0	0.3516538887368971	1.3888575539215888
63	0.0	0	0.0	0.12221240768790902	0.4148696632027834
63	0.0	0	0.0	0.46901384924569295	1.7961316629161441
64	0.0	0	0.0	0.11491898615840637	0.3833520608349559
65	0.0	0	0.0	0.06051473907219599	0.43580877947409147
66	0.0	0	0.0	0.1488064682333921	0.8623828028059601
67	0.0	0	0.0	0.0941145220778492	0.27608391280128675
67	0.0	0	0.0	0.19594179556093044	0.8297458038751705
68	0.0	0	0.0	0.16451120280656073	0.7555440340721844
68	0.0	0	0.0	0.2624385572366515	0.6529645053819473
69	0.0	0	0.0	0.07037487430474015	0.37424247360310264
69	0.0	0	0.0	0.05976770326080777	0.1575521385725542
69	0.0	0	0.0	0.109058528980713	0.39880863732961136
70	0.0	0	0.0	0.18564994677136784	1.1046054411912158
70	0.0	0	0.0	0.3316610700929149	1.154530419729499
70	0.0	0	0.0	0.10178202609003434	0.3715274171630829
71	0.0	0	0.0	0.27346912258311645	1.4646607847927062
71	0.0	0	0.0	0.2852506564239714	1.1240226823229156
71	0.0	0	0.0	0.04641640596679752	0.23702275753150145
72	0.0	0	0.0	0.3677334733640974	1.8469155901202632
72	0.0	0	0.0	0.11300982533105139	0.27791740793676817
73	0.0	0	0.0	0.508233207332695	2.168413472697577
73	0.0	0	0.0	0.42772850390231104	1.7195357777905742
74	0.0	0	0.0	0.5238174242305285	1.9255650389100365
74	0.0	0	0.0	0.6510402259705553	2.72826457493471
75	0.0	0	0.0	0.3438579311626668	0.9259549128748242
76	0.0	0	0.0	0.39784346142849475	1.6911930717146104
78	0.0	0	0.0	0.43549228597493017	1.7222506072091663
78	0.0	0	0.0	0.15379112744185178	0.578290695413652
79	0.0	0	0.0	0.11042907201264407	0.421911887642226
80	0.0	0	0.0	0.3450671945138814	1.691800895253868
80	0.0	0	0.0	0.08862690481062895	0.34598298395624405
81	0.0	0	0.0	0.9342149509420278	2.8965554712165416
81	0.0	0	0.0	0.12253114378953886	0.4857834865733958
82	0.0	0	0.0	0.6210701633422329	2.2670561536520197
82	0.0	0	0.0	0.23616494924572193	0.7281221915997853
83	0.0	0	0.0	0.3452556058682945	0.8957322297754247
84	0.0	0	0.0	0.30115875078508	0.6931479932168768
85	0.0	0	0.0	0.0862802488135006	0.29512423502632923
85	0.0	0	0.0	0.25929958454039115	1.1143702802518975
85	0.0	0	0.0	0.2401887323255087	1.1328442653891369
86	0.0	0	0.0	0.37305176344862967	1.4074759959720493
86	0.0	0	0.0	0.13544894918140216	0.7812775833778467
88	0.0	0	0.0	0.08319582354513241	0.08730503118178255
88	0.0	0	0.0	0.5486951638734667	2.180310384065665
89	0.0	0	0.0	0.17405869212168232	0.7834803816698094
90	0.0	0	0.0	0.2881560051577841	1.359643466579732
91	0.0	0	0.0	0.38708604360009347	1.5932564760057788
92	0.0	0	0.0	0.19766047877369294	0.9097400246775725
93	0.0	0	0.0	0.2877053226722155	1.2682757279881478
94	0.0	0	0.0	0.5247539477845862	1.9758520287652226
95	0.0	0	0.0	0.1488321087040377	0.5812195661466976
96	0.0	0	0.0	0.1592331735630072	0.4864918095131523
97	0.0	0	0.0	0.1498690087395475	0.3933269696156333
98	0.0	0	0.0	0.24119062793535856	0.8605463173476458
99	0.0	0	0.0	0.30242464171546235	1.032959795950904
100	0.0	0	0.0	0.4214464647246969	1.243585848471036
100	0.0	0	0.0	0.32886630719782795	1.3243421382735565
100	0.0	0	0.0	0.33738564299420054	1.368042273311529
101	0.0	0	0.0	0.24007556445088737	0.9427909611572297
101	0.0	0	0.0	0.21860826804026323	0.6327765162134255
102	0.0	0	0.0	0.22905657150489317	0.7070505679980538
102	0.0	0	0.0	0.39848349094266655	1.1501298652426581
103	0.0	0	0.0	0.2859389190477318	0.8143665801830338
103	0.0	0	0.0	0.5910616398392323	3.311253451341036
104	0.0	0	0.0	0.19173631666726973	0.6510180710648107
104	0.0	0	0.0	0.8472009829838454	4.225142893187151
105	0.0	0	0.0	0.4132642285552023	1.6859721181296041
105	0.0	0	0.0	0.025830332426398386	0.0939031059699909
106	0.0	0	0.0	0.26166929258304006	0.8171165400477358
106	0.0	0	0.0	1.052845287470102	4.391776197072301
107	0.0	0	0.0	0.38913953765355835	0.970288472577655
107	0.0	0	0.0	1.1470529391692266	4.03705653125246
108	0.0	0	0.0	0.1533095433999763	0.9630765323500343
108	0.0	0	0.0	0.26127363052321845	0.4558528530645166
109	0.0	0	0.0	0.3925477429102682	2.403354631977767
109	0.0	0	0.0	0.25349436678542775	0.5486680341141388
110	0.0	0	0.0	0.7378038527916599	3.3991382160056904
110	0.0	0	0.0	0.09234317682810661	0.366991370496932
111	0.0	0	0.0	0.9823520268691717	4.176852672164232
111	0.0	0	0.0	0.04674713012102682	0.11947394109619623
112	0.0	0	0.0	1.2008022457597558	4.738700728592193
112	0.0	0	0.0	0.03835546098879971	0.2110094819239335
113	0.0	0	0.0	0.7350083015960293	3.7565562510553323
114	0.0	0	0.0	0.30064045188644234	0.8727015393137549
115	0.0	0	0.0	0.5450346334749758	2.156541538647202
115	0.0	0	0.0	1.1675698278928532	4.442568286918745
116	0.0	0	0.0	0.3016827290914646	1.2389447556436919
116	0.0	0	0.0	0.1515659797992425	0.6342762948255745
116	0.0	0	0.0	1.000149421182283	3.631920719328926
117	0.0	0	0.0	0.13513640778027153	0.5269038404003576
118	0.0	0	0.0	0.3801691718524576	1.540831679643203
118	0.0	0	0.0	0.27588578934017965	1.0915289696548196
119	0.0	0	0.0	0.2638337022075761	1.1744191908232406
119	0.0	0	0.0	0.2202257767426543	0.9339545743078974
120	0.0	0	0.0	0.217485072345159	0.8717988892544251
120	0.0	0	0.0	0.10423847724400231	0.33233962835252523
121	0.0	0	0.0	0.3183863951753035	1.1667475995302115
123	0.0	0	0.0	0.19910281456956444	0.7585905954085073
123	0.0	0	0.0	0.5530855955981995	1.6680718745733423
123	0.0	0	0.0	0.19553003207889436	0.7993885420025378
124	0.0	0	0.0	0.0932769969017088	0.4494922485759861
125	0.0	0	0.0	0.12822876169416556	0.6214949391954786
126	0.0	0	0.0	0.2988358248087189	0.8929994562545972
127	0.0	0	0.0	0.15742777995911222	0.4832464535320906
128	0.0	0	0.0	0.39681906497243075	1.7974917460467648
131	0.0	0	0.0	0.6079756096365254	2.130393458206959
131	0.0	0	0.0	0.08240095868648904	0.4926987006620746
132	0.0	0	0.0	0.42196349869717487	1.548570652244465
133	0.0	0	0.0	0.2942345531150835	1.2135390752357709
134	0.0	0	0.0	0.14459772149332706	0.5975693468187124
136	0.0	0	0.0	0.24438404281483614	0.8711452477036731
137	0.0	0	0.0	0.2690665932728045	0.9438243165151852
139	0.0	0	0.0	0.24410681883491558	0.9993090652683683
140	0.0	0	0.0	0.3167006854013708	1.2947988769310539
141	0.0	0	0.0	0.76566288049773	2.7182307592680344
141	0.0	0	0.0	0.14844868707782563	0.25480406655810917
142	0.0	0	0.0	0.5607353258625223	2.957899076963515
143	0.0	0	0.0	0.3885682504432765	1.7577396288145821
144	0.0	0	0.0	0.5720331766370869	2.284903156501136
144	0.0	0	0.0	0.30226691007343165	1.2737414094226165
145	0.0	0	0.0	0.1895083546769991	0.6350179963609396
146	0.0	0	0.0	0.3364340018247044	1.3349293755977616
147	0.0	0	0.0	0.29087173782174025	1.3786596315684945
148	0.0	0	0.0	0.40118084259601183	1.805046053897594
149	0.0	0	0.0	0.3795373681475481	1.7030168804018158
150	0.0	0	0.0	0.27808214456076846	1.5261715817812742
150	0.0	0	0.0	0.26762008458978104	0.9275576004401103
151	0.0	0	0.0	0.3709385676973104	2.0175773396493093
152	0.0	0	0.0	0.47202170209328387	2.075899791447072
152	0.0	0	0.0	0.2805153139474564	0.6757050154750126
152	0.0	0	0.0	0.10145355143342433	0.25082089949666797
153	0.0	0	0.0	0.3457343223904314	1.159616610952958
154	0.0	0	0.0	0.18889970663521552	1.249853109597143
155	0.0	0	0.0	0.36635775393617154	1.5840636975063542
155	0.0	0	0.0	0.024621032118578617	0.10952071969028063
156	0.0	0	0.0	0.588839357735195	2.0862503128679726
156	0.0	0	0.0	0.5787484615110822	1.9521959427310822
157	0.0	0	0.0	0.33581203082400546	1.7207366218723328
157	0.0	0	0.0	0.15464234321022965	0.5438274604994282
158	0.0	0	0.0	0.2724236227994637	1.4037515279061903
158	0.0	0	0.0	0.2981251409776987	1.0181989607273096
158	0.0	0	0.0	0.3678269217213085	1.7166109904178377
159	0.0	0	0.0	0.46926954818666	1.9832015682092825
159	0.0	0	0.0	0.07738676765315551	0.21159531538570714
159	0.0	0	0.0	0.6427001180707635	2.4463263712850076
160	0.0	0	0.0	0.5426155220500672	1.8073646056002262
161	0.0	0	0.0	0.1745545233118787	0.49281651868131043
161	0.0	0	0.0	0.1884794435017729	0.7596891722260769
161	0.0	0	0.0	0.27184165472101596	1.3383558586011735
162	0.0	0	0.0	0.13536189114873562	0.4518805579123344
162	0.0	1	0.0	0.5597613679427563	2.412340963116552
163	0.0	0	0.0	0.282110238184579	0.6774602403964796
163	0.0	0	0.0	0.2929308529199997	0.841769752049653
164	0.0	0	0.0	0.18395885905905907	0.5144896441316862
164	0.0	0	0.0	0.1565973580045635	0.6116507401492332
165	0.0	0	0.0	1.2387664164102807	6.0514174693895715
165	0.0	0	0.0	0.2227491309431041	0.43893839545371904
166	0.0	0	0.0	1.8409990705453665	8.004841283518974
166	0.0	0	0.0	0.4276521749000778	1.3561162210909097
170	0.0	0	0.0	0.2584470122001921	1.0262193251876761
170	0.0	0	0.0	0.3750368810638296	1.3218968639885758
170	0.0	0	0.0	0.4523920945685718	1.8183108129008279
171	0.0	0	0.0	0.7800731410058952	2.516421774560727
173	0.0	0	0.0	0.7356971865548472	2.8152637900595385
174	0.0	0	0.0	0.2926738380393895	1.0075003138022804
174	0.0	0	0.0	0.5260821019683914	1.9001699665727083
174	0.0	0	0.0	0.31396946260701125	1.4254962650056175
176	0.0	0	0.0	0.35221293316694524	1.3717375494631596
176	0.0	0	0.0	0.5381118214799302	2.449268030413768
177	0.0	0	0.0	0.2923812445505002	1.2325277697977566
178	0.0	0	0.0	0.26500434388519284	1.1997579599257102
178	0.0	0	0.0	0.7101413440251659	3.005375102696477
179	0.0	0	0.0	0.19720154076055008	1.0449062922811225
179	0.0	0	0.0	1.1389055100079015	4.343033690520464
179	0.0	0	0.0	1.0196359545728886	4.093578225860544
180	0.0	0	0.0	0.21529830389295487	0.8332211502287551
180	0.0	0	0.0	0.20717615647434878	0.8577392628291618
180	0.0	0	0.0	1.02945624026727	4.1530327236471
182	0.0	0	0.0	1.0236008372368264	2.390963702649007
183	0.0	0	0.0	0.32590526799174274	1.1030118600412626
183	0.0	0	0.0	0.4663878685251972	2.231628190767885
183	0.0	0	0.0	0.08446483417613188	0.24376108045926131
184	0.0	0	0.0	0.16260013090954725	0.7841238326584705
185	0.0	0	0.0	0.1268213777228537	0.6929696148266088
185	0.0	0	0.0	0.2729434484000132	0.9212338114793854
187	0.0	0	0.0	0.31057776164459205	1.0807524194576028
188	0.0	0	0.0	0.19988766454844348	0.639162021621117
188	0.0	0	0.0	0.06851836241034948	0.2870100627125824
189	0.0	0	0.0	0.13067602785742863	0.21671345615449947
189	0.0	0	0.0	0.35084767689640417	1.6087698032299946
190	0.0	0	0.0	0.09491718493149581	0.22055376248305936
190	0.0	0	0.0	0.36495001597027765	1.486306938176756
191	0.0	0	0.0	0.7495585689235741	2.0433561830388203
191	0.0	0	0.0	0.11741015511410413	0.3709679619696831
192	0.0	0	0.0	1.0418469146189386	5.077849103942885
193	0.0	0	0.0	1.2318909733595955	6.342268934180112
194	0.0	0	0.0	1.6688874277477028	7.7479003489155645
194	0.0	0	0.0	0.11538561988741332	0.19321205654802442
195	0.0	0	0.0	2.346609540874561	9.56922386224912
197	0.0	0	0.0	1.286962716037046	4.308071376606274
198	0.0	0	0.0	0.16478600032223428	0.6447290992539665
199	0.0	0	0.0	0.15031796254161708	0.4343571838454291
199	0.0	0	0.0	0.19849459221068938	0.7889284600527926
199	0.0	0	0.0	0.1514347198364987	0.8923263099623017
200	0.0	0	0.0	0.2982769546591829	1.1852112367504266
204	0.0	0	0.0	0.28337294963231296	1.4526237556091737
204	0.0	0	0.0	0.34904956450164326	0.6572179595984272
207	0.0	0	0.0	0.2768110627443337	0.9203332329909938
207	0.0	0	0.0	0.19493872927511766	1.03784553899373
208	0.0	0	0.0	0.11604286155113734	0.37946725051789126
208	0.0	0	0.0	0.49383191418951383	1.9579480465609638
209	0.0	0	0.0	0.23227557425219172	0.6587306762427997
209	0.0	0	0.0	0.16208012242656286	0.6109000308219907
210	0.0	0	0.0	0.09653386030131628	0.15727398863954975
211	0.0	0	0.0	0.1518306229466581	0.6766722717988002
212	0.0	0	0.0	0.1953617139711984	0.7444803583705382
213	0.0	0	0.0	0.08669830413284885	0.1708658523532897
214	0.0	0	0.0	0.0748185509389921	0.2756090681286995
214	0.0	0	0.0	0.26959550981163877	0.8972189909152368
215	0.0	0	0.0	0.03624442353169389	0.2010091789138486
216	0.0	0	0.0	0.17865120678404678	0.790405125647453
216	0.0	0	0.0	0.2405740695541426	1.0198971336810891
217	0.0	0	0.0	0.14217090548134204	0.6108602270880579
217	0.0	0	0.0	0.04272557442612223	0.2708486733817751
218	0.0	0	0.0	0.06404417969847426	0.18292368223699795
219	0.0	0	0.0	0.0633355833710931	0.2959845990015409
219	0.0	0	0.0	0.22540153478777758	1.267589617941327
220	0.0	0	0.0	0.17863334821530794	0.8255229875278228
220	0.0	0	0.0	0.5915687875549809	2.8919396570852607
221	0.0	0	0.0	0.1292125807121271	0.6749982593534452
222	0.0	0	0.0	0.08421370872845882	0.3213017008638555
223	0.0	0	0.0	0.5176171109514142	1.8741366256168348
224	0.0	0	0.0	0.32862008139068927	1.2836000342507135
224	0.0	0	0.0	0.19035759636947225	0.5324794974890963
224	0.0	0	0.0	0.5045675010932624	2.734529864304344
225	0.0	0	0.0	0.7993807763520383	3.0251643993544253
226	0.0	0	0.0	0.16287146913802247	0.6663089221871517
227	0.0	0	0.0	0.2629771240435555	1.308341658265656
228	0.0	0	0.0	1.0164906013291553	4.533513505828824
229	0.0	0	0.0	0.2576677793252963	0.6640265653789522
229	0.0	0	0.0	0.17232450035142408	0.6715004124801782
229	0.0	0	0.0	1.3003049903187154	4.963282834152017
230	0.0	0	0.0	0.8561734270263056	3.190080493370639
231	0.0	0	0.0	0.2680837368895758	1.1761352047275222
231	0.0	0	0.0	0.37812111837417794	1.185031409189819
232	0.0	0	0.0	0.12551870092680997	0.2353465261149593
234	0.0	0	0.0	0.23736945868271106	1.0912987272697983
234	0.0	0	0.0	0.6831177993679167	2.244544255088422
235	0.0	0	0.0	0.7763461750390154	3.475117952460892
236	0.0	0	0.0	0.8275213187590355	3.4621362462283374
237	0.0	0	0.0	0.22191220089488076	0.9387192038044314
239	0.0	0	0.0	0.1358909107771161	0.2911090615459576
239	0.0	0	0.0	0.21163169198862258	0.9143477374286566
240	0.0	0	0.0	0.09288136184446467	0.17216705047051842
240	0.0	0	0.0	0.20278512442527422	0.5527807701584655
240	0.0	0	0.0	0.29376003165382325	1.488598888522102
241	0.0	0	0.0	0.16648634435706405	0.4441138436630074
241	0.0	0	0.0	0.25296095338969615	1.2330917986145888
241	0.0	0	0.0	0.6554140509498803	3.2300806399397133
242	0.0	0	0.0	0.12551022123275302	0.7205284942205995
242	0.0	0	0.0	0.9741481154501918	4.146950317174486
243	0.0	0	0.0	0.6817377060541754	2.910720812256868
244	0.0	0	0.0	0.5573352254387126	1.9142145240420647
245	0.0	0	0.0	0.21393104352258663	0.5115182779440794
246	0.0	0	0.0	0.26788281604208436	1.0138385901839844
247	0.0	0	0.0	0.23422071718368093	1.0080149588524692
248	0.0	0	0.0	0.5741900986969617	1.6677753996584843
248	0.0	0	0.0	0.38213042498918764	0.791333739803768
249	0.0	0	0.0	0.21174815943751576	0.6229389006748154
251	0.0	0	0.0	0.11577200799251172	0.4718679648181256
251	0.0	0	0.0	0.5191509399572027	2.660883512926091
252	0.0	0	0.0	0.9021788025857405	3.7583572473937634
253	0.0	0	0.0	0.9439584817084917	3.7908204462889383
254	0.0	0	0.0	0.3358985188197784	1.121324655987655
254	0.0	0	0.0	0.6957014990739513	2.332803569941229
255	0.0	0	0.0	0.17818961443526082	0.6063345151623389
257	0.0	0	0.0	0.24128612819693207	1.0957693113797213
258	0.0	0	0.0	0.04582164135325354	0.21898287391743151
261	0.0	0	0.0	0.3099318663033626	0.8407794293828117
261	0.0	0	0.0	0.46359585607382925	1.860079358141855
262	0.0	0	0.0	0.5925468623568919	1.7582640319343283
263	0.0	0	0.0	0.3765413063105757	2.0175058969592294
263	0.0	0	0.0	0.2994077224091135	0.38819599059953663
264	0.0	0	0.0	1.06690826922449	4.176453934416983
265	0.0	0	0.0	0.2213834411503921	0.5661581928050102
267	0.0	0	0.0	0.44985126208252907	2.1749892887870006
267	0.0	0	0.0	0.38132566469548596	1.1543925099949714
268	0.0	0	0.0	0.926074248554877	3.8676190933203385
268	0.0	0	0.0	0.5983444663826584	1.9892006788954573
270	0.0	0	0.0	0.10171993975024421	0.34401204478896097
271	0.0	0	0.0	0.1970753653596784	0.4341742918578203
271	0.0	0	0.0	0.2575348125700737	1.4585171287754932
272	0.0	0	0.0	0.38969814828603383	1.610826165072724
272	0.0	0	0.0	0.7521976395426816	3.3247982448018254
273	0.0	0	0.0	0.7044081344564062	2.7521770599528206
273	0.0	0	0.0	0.7928755138782199	3.046182537826265
274	0.0	0	0.0	0.3331065490251654	1.1255146356269543
274	0.0	0	0.0	0.2043585413157579	0.5023289143008817
275	0.0	0	0.0	0.49524883105470136	1.4635613155717577
276	0.0	0	0.0	0.2473789087324324	0.8517418293152634
277	0.0	0	0.0	0.35101295532258525	0.8184019083475805
278	0.0	0	0.0	0.09787237877159309	0.385354344405587
280	0.0	0	0.0	0.5320674320287114	1.7808189698001728
280	0.0	0	0.0	0.026007702466169732	0.060018250044214363
281	0.0	0	0.0	0.547660151544527	2.071189904759396
281	0.0	0	0.0	0.04426759977000308	0.06704942025042775
282	0.0	0	0.0	0.04067230369760251	0.12366047978483327
284	0.0	0	0.0	0.2894875209675636	1.5037359147244627
286	0.0	0	0.0	0.34707945097246135	1.10622061589309
286	0.0	0	0.0	0.07144733875284996	0.3902493476315365
287	0.0	0	0.0	0.2622373157835963	0.5315972167512232
287	0.0	0	0.0	0.03413847142341982	0.21260183513240596
288	0.0	0	0.0	0.29785445957697887	0.7699529851424198
288	0.0	0	0.0	0.15142670185940468	0.8363377011211293
289	0.0	0	0.0	0.627462303870001	2.031214876100823
289	0.0	0	0.0	0.22321583598239125	1.0911095596201392
290	0.0	0	0.0	0.38140250636098727	1.6334987293005507
291	0.0	0	0.0	0.3143545201682184	0.9508817467389884
291	0.0	0	0.0	0.26258178549209277	0.9917468439455743
292	0.0	0	0.0	0.379340754772285	1.4450297261219964
293	0.0	0	0.0	0.3219109142593803	1.2707537954340393
294	0.0	0	0.0	0.11935881864285765	0.6389414920405097
294	0.0	0	0.0	1.0974411766330556	3.7802212808670306
295	0.0	0	0.0	0.12943544607749788	0.6004991165811564
295	0.0	0	0.0	0.841841741423591	2.9439612658433147
296	0.0	0	0.0	0.5712722254751478	2.232240162152768
296	0.0	0	0.0	0.446017804763867	1.7626072380339852
297	0.0	0	0.0	0.21245711684260346	0.7848157444334205
300	0.0	0	0.0	0.4623038918631985	1.810869634534998
300	0.0	0	0.0	0.4333788947831999	1.7967649795259928
301	0.0	0	0.0	0.6152060923859404	2.0777149361418137
301	0.0	0	0.0	0.20998351237709212	0.9630709184795933
303	0.0	0	0.0	0.3734823713301023	0.8197824814625122
306	0.0	0	0.0	0.16037708430132125	0.4936692115995486
306	0.0	0	0.0	0.15887044938249206	0.6785724315774495
308	0.0	0	0.0	0.016363347134235172	0.03674956487566058
309	0.0	0	0.0	0.29120778568951894	0.8274493644484304
312	0.0	0	0.0	0.7504982255197833	2.754705333238345
315	0.0	0	0.0	0.11787503538518272	0.43752380512938194
316	0.0	0	0.0	0.060867897468841574	0.21860159272507856
317	0.0	0	0.0	0.05723545214991218	0.26844924527071784
318	0.0	0	0.0	0.43415638303291376	1.224758429137973
318	0.0	0	0.0	0.09394970254201934	0.3693851909179332
319	0.0	0	0.0	0.3049633956528979	1.1330318448760421
320	0.0	0	0.0	0.36811108554928457	1.2860434832743932
320	0.0	0	0.0	0.18595840272083944	1.1411763008380948
321	0.0	0	0.0	0.3969867314159921	1.2557799748423337
322	0.0	0	0.0	0.13525095140384483	0.3393056715603979
323	0.0	0	0.0	0.49512499465128507	1.6129794973306977
324	0.0	0	0.0	0.08706076941752683	0.520642641535568
324	0.0	0	0.0	0.4983092523514703	2.5969877374732264
325	0.0	0	0.0	0.16277624191308018	0.4976479180781876
326	0.0	0	0.0	0.49801856525484095	1.8069538265326832
326	0.0	0	0.0	0.07087561428307598	0.33348439368398713
330	0.0	0	0.0	0.15377971092309375	0.47990695832136154
332	0.0	0	0.0	0.12238223731805327	0.4444251209837352
333	0.0	0	0.0	0.0961992043821118	0.3459879537885211
336	0.0	0	0.0	0.32285016338882916	0.929962169044023
336	0.0	0	0.0	0.09130670883077278	0.1473216506253809
337	0.0	0	0.0	0.15507945036247112	0.36026459591072996
338	0.0	0	0.0	0.1331764735081735	0.2983132432086846
338	0.0	0	0.0	0.3302466510431309	1.3534460345546102
339	0.0	0	0.0	0.20124456013403746	0.35259457673022565
340	0.0	0	0.0	0.4154958813424784	1.032861300022987
341	0.0	0	0.0	0.14358912728072679	0.46682399581115064
342	0.0	0	0.0	0.20698541577297833	0.680702635671854
342	0.0	0	0.0	0.11083344614609161	0.31469262391528485
343	0.0	0	0.0	0.2507162702337082	1.038667066004879
344	0.0	0	0.0	0.5028989756463748	1.6513647002005796
344	0.0	0	0.0	0.08287227554324826	0.3167764369191955
345	0.0	0	0.0	0.3141862131379107	0.8800532478787199
345	0.0	0	0.0	0.1275997153864317	0.3511826854531642
346	0.0	0	0.0	0.6756904052589091	2.702276053890896
346	0.0	0	0.0	0.17079556963127573	0.38754482185004374
347	0.0	0	0.0	0.5219640514355971	2.6522029806368375
347	0.0	0	0.0	0.09888304218858167	0.16501885251497334
348	0.0	0	0.0	0.6385740105657689	3.133664877762104
349	0.0	0	0.0	0.27990729068835873	1.2029022896684816
350	0.0	0	0.0	0.3337484952922871	1.0633772285484575
351	0.0	0	0.0	0.23729139531701401	0.9833013318135662
351	0.0	0	0.0	0.20517426946072237	0.6386101969567404
352	0.0	0	0.0	0.10730347437587358	0.40646045177535906
353	0.0	0	0.0	0.31645402322601984	0.8499698193118467
354	0.0	0	0.0	0.3879676413626073	1.7445952630731638
354	0.0	0	0.0	0.3298409952733759	1.193230326152203
355	0.0	0	0.0	0.46497932409456444	1.9315978579376225
356	0.0	0	0.0	0.40315941025717494	1.684816561805603
356	0.0	0	0.0	0.4112630531149414	1.3161854431190587
357	0.0	0	0.0	0.10868320901846262	0.19067074962505817
358	0.0	0	0.0	0.29513750457140253	0.8153656367891566
359	0.0	0	0.0	0.298503918351518	0.5061305739377207
359	0.0	0	0.0	0.051330502739782735	0.30854318211381443
360	0.0	0	0.0	0.4325887305949595	1.4660093347713046
360	0.0	0	0.0	0.18037675744234458	0.947196685119954
361	0.0	0	0.0	0.6038404617025755	1.373142844831175
361	0.0	0	0.0	0.20003629826296704	0.9808873503941407
362	0.0	0	0.0	0.2513293044218874	0.48764719667790724
362	0.0	0	0.0	0.15032779670234292	0.6429071079911859
365	0.0	0	0.0	0.16968324052960732	0.6362445488076461
366	0.0	0	0.0	0.5244888824900171	1.3555329331693373
367	0.0	0	0.0	0.7657257405919895	2.4456471467247125
367	0.0	0	0.0	0.14806075052832796	0.6318225408864583
368	0.0	0	0.0	0.504546263159492	1.1792809330356482
368	0.0	0	0.0	0.14474202696675748	0.4603260914390637
371	0.0	0	0.0	0.10115790280505439	0.291190407955008
372	0.0	0	0.0	0.194245137838124	0.6632313433002899
373	0.0	0	0.0	0.07404582867290281	0.25859647119858364
374	0.0	0	0.0	0.13314610337360172	0.6115616653242262
375	0.0	0	0.0	0.09103905633814297	0.3384853444811076
378	0.0	0	0.0	0.07873123194700503	0.3289392431910707
379	0.0	0	0.0	0.20527189771563953	0.7115754001403596
380	0.0	0	0.0	0.11326386525801342	0.3711169613498795
381	0.0	0	0.0	0.09434845256714006	0.3807367998981621
384	0.0	0	0.0	0.25288320048084323	0.7110031005841494
384	0.0	0	0.0	0.10138063792971415	0.18494130499494757
385	0.0	0	0.0	0.39149233440586506	1.2947499283090076
385	0.0	0	0.0	0.06393734708891687	0.19172305690092567
386	0.0	1	0.0	0.20275409292236996	0.3938868135938975
386	0.0	0	0.0	0.11239093532101582	0.2553980483309584
387	0.0	0	0.0	0.480288743205067	1.5157803176993552
388	0.0	0	0.0	0.5921711573364828	1.7449259184098336
388	0.0	0	0.0	0.21386775670799466	0.6700444972591374
389	0.0	0	0.0	1.1061170237406555	3.7080956399878873
389	0.0	1	0.0	0.14280177873600927	0.303281991444933
390	0.0	0	0.0	0.24469892372317864	0.9526671631943142
390	0.0	0	0.0	0.05857020204039126	0.16355890247367522
391	0.0	0	0.0	0.15070593458049306	0.6106506334967092
393	0.0	0	0.0	0.32791354919069	0.5510739653024684
394	0.0	0	0.0	0.2507561041695168	0.958171798854094
397	0.0	0	0.0	0.49584504899890125	2.318978024140145
398	0.0	0	0.0	0.5645444224191833	2.3375785248852567
399	0.0	0	0.0	0.6487250237419024	2.6343508317490048
401	0.0	0	0.0	0.32851679769151865	1.1984297606614376
402	0.0	0	0.0	0.14943182578342556	0.48872361924688024
403	0.0	0	0.0	0.19025497877584338	0.7211270565308059
404	0.0	0	0.0	0.2976337371245999	1.0035085667231889
407	0.0	0	0.0	0.4068077058903838	1.2887990653787063
407	0.0	0	0.0	0.28342032621664726	1.8567531542836413
408	0.0	0	0.0	0.15820224493191318	0.519699644922147
409	0.0	0	0.0	0.1344147506557406	0.46560675030509013
411	0.0	0	0.0	0.3853545305530598	1.3412436845630986
412	0.0	0	0.0	0.6416989301119084	2.0929308497080834
413	0.0	0	0.0	0.39189289263570487	1.5583221103808746
415	0.0	0	0.0	0.11386874629154813	0.6381347169383861
416	0.0	0	0.0	0.42905571445333734	1.4690048243795983
416	0.0	0	0.0	0.13134536973876307	0.4858686928995671
420	0.0	0	0.0	0.223605771560266	1.0937676208787501
422	0.0	0	0.0	0.37652721405911427	1.369737678492743
423	0.0	0	0.0	0.10022911964790016	0.6779850050644405
427	0.0	0	0.0	0.42343676365733063	1.456253061249181
428	0.0	0	0.0	0.3114741754499494	0.8588448857142311
428	0.0	0	0.0	0.33184826641673804	1.2466704237994928
429	0.0	0	0.0	0.29000666261268493	1.2281658606532437
429	0.0	0	0.0	0.2079306121970784	1.0330292539710964
430	0.0	0	0.0	0.3943237469512257	1.700574430908969
430	0.0	0	0.0	0.2747775739930575	1.2487548288180466
432	0.0	0	0.0	0.6318169489029177	2.0380970903578643
433	0.0	0	0.0	0.09409377042238971	0.3992614459175486
434	0.0	0	0.0	0.15741643737660535	0.4601727047840517
434	0.0	0	0.0	0.24672337528880342	0.9392826632518414
438	0.0	0	0.0	0.1259124864870715	0.43566326658893356
442	0.0	0	0.0	0.12822710086847172	0.5146339568150072
443	0.0	0	0.0	0.09198368108878327	0.42105853430413825
445	0.0	0	0.0	0.15831574032492057	0.4621381100636581
447	0.0	0	0.0	0.13743820028037387	0.632177704907484
447	0.0	0	0.0	0.17674539077590876	0.608165875335669
448	0.0	0	0.0	0.15846819533230547	0.4916977363674413
449	0.0	0	0.0	0.2958274143908075	1.1387839127357853
449	0.0	0	0.0	0.04522249197161445	0.12914060827775278
450	0.0	0	0.0	0.31027481007661273	1.190665666015102
450	0.0	0	0.0	0.33031779868245703	1.2710567870435414
451	0.0	0	0.0	0.3294509160526111	1.1535873772553114
452	0.0	0	0.0	0.2705431376338809	0.9579799681426016
452	0.0	0	0.0	0.19442739664489628	0.6299068148918924
453	0.0	0	0.0	0.3294484695697727	1.0564711277299859
453	0.0	0	0.0	0.3056360609334006	1.012812586297069
454	0.0	0	0.0	0.13544313821562323	0.43598929737602743
455	0.0	0	0.0	0.2743795999906967	1.012751981678412
456	0.0	0	0.0	0.16186141711643082	0.7528953009746345
459	0.0	0	0.0	0.3462052974915658	1.8901485233166626
460	0.0	0	0.0	0.5316373455266247	2.416260613238878
461	0.0	0	0.0	0.5802033771928441	2.5285029285444143
462	0.0	0	0.0	0.26679089237885195	1.1268598026646572
463	0.0	0	0.0	0.24996643346384917	0.9439323037205049
466	0.0	0	0.0	0.19724889205206622	0.9759145554166498
467	0.0	0	0.0	0.4487884624631198	1.8947145166188735
469	0.0	0	0.0	0.6224263756451449	3.274920150589493
470	0.0	0	0.0	0.9245066488996821	4.060858053341693
471	0.0	0	0.0	1.1539021304680774	4.43818167868567
472	0.0	0	0.0	0.30010337443376767	0.9872787942366679
472	0.0	0	0.0	0.555960912685956	2.0252879253042417
473	0.0	0	0.0	0.059488576399549006	0.1956463887790289
474	0.0	0	0.0	0.3340267071567803	1.3645198755336274
474	0.0	0	0.0	0.1410625782893209	0.4676221757286909
475	0.0	0	0.0	0.2582250770982568	1.1021439344901394
477	0.0	0	0.0	0.6682359230641484	2.395486002501135
477	0.0	0	0.0	0.048163737163279104	0.20607820348929343
481	0.0	0	0.0	0.33451110015699065	1.235478647214773
482	0.0	0	0.0	0.25874690826843	1.0037924414561814
482	0.0	0	0.0	0.023087592790327075	0.02533312678715495
483	0.0	0	0.0	0.03634867204568672	0.11786533914162883
484	0.0	0	0.0	0.13625923434632328	0.5788389485636622
485	0.0	0	0.0	0.03641848694866693	0.12404583607519754
486	0.0	0	0.0	0.04084437470273338	0.23960125397569368
488	0.0	0	0.0	0.4365602931910696	1.5823314138316686
489	0.0	0	0.0	0.461045359819033	1.5129341920634323
489	0.0	0	0.0	0.21597872836266482	0.9078302490455997
490	0.0	0	0.0	0.22997541538775917	0.6871183990301866
492	0.0	0	0.0	0.47843862780622315	1.0755318521902733
492	0.0	0	0.0	0.13328866263944894	0.7015286515842417
493	0.0	0	0.0	0.05669828552825598	0.2670543829867178
495	0.0	0	0.0	0.11084282669883232	0.5119317595817598
496	0.0	0	0.0	0.047979562521772025	0.2531875476970511
497	0.0	0	0.0	0.04180327210829447	0.13726231046157744
498	0.0	0	0.0	0.40285229372617115	2.0003509722495214
502	0.0	0	0.0	0.10875113424265855	0.21330767350841268
506	0.0	0	0.0	0.4267777757810265	1.4078139176765032
507	0.0	0	0.0	0.5285012204883435	2.196712198500187
509	0.0	0	0.0	0.10174266227590913	0.3391919226068067
511	0.0	0	0.0	0.04015024875500901	0.18375360476139624
514	0.0	0	0.0	0.23263770503786915	0.9376600690144926
515	0.0	0	0.0	0.346230491169102	1.0042575579698607
519	0.0	0	0.0	0.10482993006370014	0.3554098261297818
519	0.0	0	0.0	0.09241968072571707	0.24473542312356197
520	0.0	0	0.0	0.06110678117354295	0.16262015100768246
521	0.0	0	0.0	0.13344756595594814	0.40401069838852144
522	0.0	0	0.0	0.17729435375137811	0.7241808548616557
522	0.0	0	0.0	0.09633261698232634	0.2338732859726487
523	0.0	0	0.0	0.05232620541195635	0.21725729911702774
524	0.0	0	0.0	0.18493376339288486	0.2974633867668581
525	0.0	0	0.0	0.13492829425925046	0.35974905922952644
527	0.0	0	0.0	0.15940610228093088	0.5858664704207274
532	0.0	0	0.0	0.10123237289042653	0.46785143874391966
533	0.0	0	0.0	0.14633229578935242	0.5837417470761662
534	0.0	0	0.0	0.12721470594908402	0.5068613813608174
537	0.0	0	0.0	0.0798929254466157	0.30623260897417826
544	0.0	0	0.0	0.08752527339784791	0.3711022228764849
544	0.0	0	0.0	0.012927500420746106	0.06720019164248531
545	0.0	0	0.0	0.010850222009149695	0.06451381832427497
546	0.0	0	0.0	0.15770922752279629	0.640390823919983
547	0.0	0	0.0	0.10487079784667053	0.43619357577579915
548	0.0	0	0.0	0.09206592144042788	0.39939099036619863
549	0.0	0	0.0	0.055996141802444575	0.2781121303186266
551	0.0	0	0.0	0.47235117114117164	1.186358183582828
552	0.0	0	0.0	0.19931568667382885	0.818637030872983
553	0.0	0	0.0	0.23593790880778792	0.9243082025182346
554	0.0	0	0.0	0.06380998936216702	0.048582837655337045
555	0.0	0	0.0	0.19717999327463276	0.6990568791076427
557	0.0	0	0.0	0.22407239597987016	0.6534223530937282
557	0.0	0	0.0	0.1737059994369123	0.7458980295273603
558	0.0	0	0.0	0.1966003301579909	0.4319437412243052
559	0.0	0	0.0	0.12478644439029164	0.2902174862419366
561	0.0	0	0.0	0.7060912176963912	2.6695636135890712
562	0.0	0	0.0	0.2336680357788472	0.5388705599766782
563	0.0	0	0.0	0.037748690504739044	0.2515062837249382
564	0.0	0	0.0	0.17876355695271573	0.5600138858505936
564	0.0	0	0.0	0.14995199177287163	0.6380960247344557
565	0.0	0	0.0	0.1443849313048613	0.6876720687739215
566	0.0	0	0.0	0.05117902752545945	0.0681360840560066
567	0.0	0	0.0	0.16370650401987324	0.7491405389366923
568	0.0	0	0.0	0.0961633675844542	0.3453667551972808
570	0.0	0	0.0	0.36471614631554816	0.8276002318998296
570	0.0	0	0.0	0.21673779227055948	0.9156938328849223
571	0.0	0	0.0	0.1345339312231379	0.27895111542141343
571	0.0	0	0.0	0.18903477262741405	0.8248874378054623
575	0.0	0	0.0	0.41814405535279403	1.6515968587081018
576	0.0	0	0.0	0.5485828115287719	1.5636157914544906
576	0.0	0	0.0	0.7396148005817853	4.038295693444688
577	0.0	0	0.0	0.3811058125721915	1.153515467383503
577	0.0	0	0.0	1.0954791886887978	4.851166476336278
578	0.0	0	0.0	0.5189440109174194	1.1170256484902341
578	0.0	0	0.0	1.382486067526547	5.191153306048968
579	0.0	0	0.0	1.1379031629290197	3.6158952407409553
580	0.0	0	0.0	0.2517876822533667	0.665570211118129
581	0.0	0	0.0	0.32860966562540994	1.0781444234227988
583	0.0	0	0.0	0.11323998033055742	0.588803012306257
584	0.0	0	0.0	0.22157747903495248	0.8596788468431131
585	0.0	0	0.0	0.12327341234354669	0.4662081884474865
586	0.0	0	0.0	0.17269083107004074	0.6581649871310773
587	0.0	0	0.0	0.05616574404748153	0.19777847249522343
588	0.0	0	0.0	0.1426693396018035	0.5745259054550654
590	0.0	0	0.0	1.0094940734701143	5.16251498797419
590	0.0	0	0.0	0.10856398946150056	0.4441938634583422
591	0.0	0	0.0	0.25849771749429074	1.0255006752203402
591	0.0	0	0.0	0.10813945666236827	0.45064960065113435
593	0.0	0	0.0	0.6907782116880675	2.495398805546189
597	0.0	0	0.0	0.44670234399383024	1.2277867143705345
600	0.0	0	0.0	0.1138251797048607	0.4440308152741474
601	0.0	0	0.0	0.05934852113219125	0.2812422774215554
602	0.0	0	0.0	0.05681939713346742	0.25150061510031113
603	0.0	0	0.0	0.6616900324193129	2.4337724167355463
603	0.0	0	0.0	0.05964529300767882	0.26416943309843466
604	0.0	0	0.0	0.048254476284246506	0.22949659448663584
605	0.0	0	0.0	0.31368497167161274	1.0647761614566666
606	0.0	0	0.0	0.18937938520333497	0.68286495622796
606	0.0	0	0.0	0.032101892100571204	0.14507330788147713
607	0.0	0	0.0	0.07052997508824423	0.31405318480001815
608	0.0	0	0.0	0.13079720896730831	0.4927261111372134
613	0.0	0	0.0	0.8507860120313935	4.00120037793065
616	0.0	0	0.0	0.10244620954529711	0.3896149900221965
617	0.0	0	0.0	0.3095746115112128	0.5556225513901926
619	0.0	0	0.0	0.26597229192504407	0.7749127656739426
619	0.0	0	0.0	0.07115412514464908	0.3035439143973032
620	0.0	0	0.0	0.1437618633290064	0.38722304456074125
626	0.0	0	0.0	0.03523591730562733	0.13932249221634607
627	0.0	0	0.0	0.5962708023338094	2.782392521000489
629	0.0	0	0.0	0.07964928905402852	0.3373303943104537
631	0.0	0	0.0	0.15701448794110218	0.4586594463941952
632	0.0	0	0.0	0.09854765923834437	0.29938154034823766
635	0.0	0	0.0	0.15863805233010636	0.48944426065921465
637	0.0	0	0.0	0.5638806604354296	2.7299012052085394
638	0.0	0	0.0	0.15286320339934414	0.5923628588002116
641	0.0	0	0.0	0.36683697630581175	1.6629282782104309
641	0.0	0	0.0	0.08643134419994654	0.2683923410280603
642	0.0	0	0.0	0.3448387817895032	1.4463293504189265
643	0.0	0	0.0	0.3494049323095224	1.2261867580024413
644	0.0	0	0.0	0.20106610467339267	0.7609402153737876
644	0.0	0	0.0	0.021381029827713133	0.0814236760802949
645	0.0	0	0.0	0.16677488576756097	0.6704874482261307
646	0.0	0	0.0	0.18143769383414776	0.7025126246486216
648	0.0	0	0.0	0.24304236081285296	0.9318401940386941
649	0.0	0	0.0	0.6354898366595245	1.870101262611138
650	0.0	0	0.0	0.19242628190842015	0.5146536100758133
650	0.0	0	0.0	0.09074604230343167	0.41833126784062813
651	0.0	0	0.0	0.31327057355951676	0.7817183882068663
651	0.0	0	0.0	0.07061419624454499	0.33635415988260225
652	0.0	0	0.0	0.05102011188171251	0.25235397363830614
654	0.0	0	0.0	0.13013002780095437	0.4339409708408154
655	0.0	0	0.0	0.17629507459082236	0.7108084562785137
656	0.0	0	0.0	0.046117267124055374	0.22220560354574878
657	0.0	0	0.0	0.09292240512577601	0.3924260487302541
659	0.0	0	0.0	0.04307972920624424	0.07206358437622157
661	0.0	0	0.0	0.15374377941057002	0.5755571553620065
662	0.0	0	0.0	0.43508009370924217	1.2551477606101293
663	0.0	0	0.0	0.07953597090069421	0.2117356401950273
664	0.0	0	0.0	0.10821227191366489	0.7343975792429933
664	0.0	0	0.0	0.30132004577950544	1.1742109282891817
668	0.0	0	0.0	0.472881918309236	1.5890066629526423
668	0.0	0	0.0	0.04526163778578115	0.16959149022132197
672	0.0	0	0.0	0.21049588996770022	1.1093961513248316
675	0.0	0	0.0	0.13038791060996557	0.46775269365067706
676	0.0	0	0.0	0.09025030081725534	0.3776327071456628
677	0.0	0	0.0	0.1014433285961247	0.396717138227722
678	0.0	0	0.0	0.0595347438247813	0.25709167281888873
679	0.0	0	0.0	0.052256156568339825	0.25923685070075186
685	0.0	0	0.0	0.4473630510113469	1.9492213857038612
685	0.0	0	0.0	0.08043107980076175	0.27683964443283393
686	0.0	0	0.0	0.36801701652616337	1.7046802683730788
686	0.0	0	0.0	0.10207015954944036	0.3667804543820383
687	0.0	0	0.0	0.4845052959574354	2.0580427921802418
691	0.0	0	0.0	0.07991271689697939	0.2685712743153663
693	0.0	0	0.0	0.03644594237611682	0.15644767532247927
694	0.0	0	0.0	0.042184548623191584	0.14834589589726555
695	0.0	0	0.0	0.020279839857999284	0.10125338895859483
698	0.0	0	0.0	0.09230196069849768	0.4130613617391315
703	0.0	0	0.0	0.1507893527324265	0.623208903398326
709	0.0	0	0.0	0.09831717214451675	0.4320334463452093
710	0.0	0	0.0	0.03861822216153127	0.08969713198120911
711	0.0	0	0.0	0.11461937678611675	0.4681782045123346
712	0.0	0	0.0	0.08078397478491195	0.21495625657459264
713	0.0	0	0.0	0.19638493880674163	0.7192952696007912
714	0.0	0	0.0	0.08772216646364923	0.39235592357281524
716	0.0	0	0.0	0.1286727963809001	0.49382376997909844
717	0.0	0	0.0	0.11636125524229055	0.5234999052239979
721	0.0	0	0.0	0.8742455010809023	3.222795284598446
722	0.0	0	0.0	0.13456042157265338	0.3304377549832578
725	0.0	0	0.0	0.13264880614242525	0.48658520124634935
732	0.0	0	0.0	0.04728153351057246	0.18935144993740397
733	0.0	0	0.0	0.11591053723886192	0.4686106034946198
734	0.0	0	0.0	0.07315742080862893	0.22788667314660901
737	0.0	0	0.0	0.027680209262454878	0.10771074312405055
742	0.0	0	0.0	0.14041038019327048	0.773048041714118
744	0.0	0	0.0	0.2521101162010866	1.1708071379869516
749	0.0	0	0.0	0.5101139928263733	3.067543297234975
750	0.0	0	0.0	1.3715910062106165	5.907669186771815
752	0.0	0	0.0	0.4166244720270654	1.890735804361943
753	0.0	0	0.0	0.5049710892259315	2.231619024919579
754	0.0	0	0.0	0.5232638207176679	2.1963066804463436
764	0.0	0	0.0	0.5408101661064697	2.115037563956512
765	0.0	0	0.0	0.4938462350906834	1.6493925169714256
766	0.0	0	0.0	0.39856386844385355	1.0459453097502132
767	0.0	0	0.0	0.1562657033216349	0.500062398624338
779	0.0	0	0.0	0.26045189199543756	0.9368332148950468
780	0.0	1	0.0	0.29120689855008935	1.2390860848249223
782	0.0	0	0.0	0.10507345775800714	0.4249257492885483
785	0.0	0	0.0	0.32826813663068494	1.7779055983019043
786	0.0	0	0.0	0.3618660278920035	1.9330319650479155
788	0.0	0	0.0	0.5859777641237368	2.5489679800434675
789	0.0	0	0.0	0.1259635998291992	0.2565494543933486
790	0.0	0	0.0	0.11958751994099763	0.41949087879072616
793	0.0	0	0.0	0.2127147794570583	0.8478218030447295
794	0.0	0	0.0	0.21608064476571465	0.46217505979232093
806	0.0	0	0.0	0.5246501370426019	1.7431375099279163
807	0.0	1	0.0	0.14619603430437328	0.4620354013701788
808	0.0	0	0.0	0.20765710523036315	0.8039357657789907
809	0.0	0	0.0	0.08359158260210775	0.24241310446308742
810	0.0	0	0.0	0.12195573414321431	0.5799342666027547
811	0.0	0	0.0	0.17268225607849275	0.7232048678776688
813	0.0	0	0.0	0.25710336325839755	0.9020321203685194
814	0.0	0	0.0	0.23333707816401694	0.6588891623665134
816	0.0	0	0.0	0.3002115097970587	0.5781766229510199
817	0.0	0	0.0	0.2523574740744542	0.5500382154496045
818	0.0	0	0.0	0.2344621157483303	0.6439306793802655
826	0.0	0	0.0	0.41712249480945685	1.99569432956872
828	0.0	1	0.0	0.3645613149823636	1.5972583008490786
829	0.0	0	0.0	0.290317806205223	1.2446485672442134
830	0.0	0	0.0	0.2232419393270948	0.8773505256621009
833	0.0	0	0.0	0.44747535884715123	1.9471829363501998
834	0.0	0	0.0	0.41442751696079133	1.5420061313771274
835	0.0	0	0.0	0.28855869737155854	0.9406520379579117
837	0.0	0	0.0	0.465399694785248	1.445764736286741
838	0.0	0	0.0	0.3933584267701908	0.924640514074117
840	0.0	0	0.0	0.31383061499215553	1.1687279358825626
841	0.0	0	0.0	0.39173838650284953	0.9925565821090859
843	0.0	0	0.0	0.4705528325557605	1.691339481619269
844	0.0	0	0.0	0.3661031167724593	1.1789732331045775
845	0.0	0	0.0	0.30822105956693296	1.0279359309507132
846	0.0	0	0.0	0.3431402861951967	0.9907384445602939
847	0.0	0	0.0	0.2266392822129113	1.0806093438324162
848	0.0	0	0.0	0.24470146300848253	1.145903983292591
850	0.0	0	0.0	0.0650037390882647	0.22322132759530625
851	0.0	0	0.0	0.044566784053654586	0.11484283968025949
853	0.0	0	0.0	0.1653181498240198	0.8157238293170669
854	0.0	0	0.0	0.2476623086255985	1.231477806406257
857	0.0	0	0.0	0.40323048129661	1.6593321633612503
858	0.0	1	0.0	0.7246551320165133	2.649854532452712
859	0.0	0	0.0	0.8223121804060254	3.0543909916422143
860	0.0	0	0.0	0.5547558902589391	2.1576549781494108
861	0.0	0	0.0	0.24624913410542168	1.4031956214322736
864	0.0	0	0.0	0.15582393602256786	0.37318788755607274
866	0.0	0	0.0	0.1827730573909984	0.663243966999777
867	0.0	0	0.0	0.5450011628937258	2.2598717360595693
868	0.0	0	0.0	0.43839179913319404	2.060955589045018
869	0.0	0	0.0	0.30620072766091766	1.755460333976923
870	0.0	0	0.0	0.2571958360932487	1.248496991605281
871	0.0	0	0.0	0.42693591682109056	1.6466311268192502
874	0.0	0	0.0	0.44652470141294065	1.922049234025815
874	0.0	0	0.0	0.17877445688670704	1.0673992495890652
875	0.0	0	0.0	0.8823317572367293	2.053090932183703
875	0.0	0	0.0	0.2880926828591087	1.4050773106710586
876	0.0	0	0.0	0.14636510100013417	0.35980265404535133
877	0.0	0	0.0	0.5275057154727399	1.4598189916683975
878	0.0	0	0.0	0.13151747491455135	0.6059943355325045
878	0.0	0	0.0	0.29832819832428215	1.5052935829954863
879	0.0	0	0.0	0.3946443214601577	1.4809472480087575
879	0.0	0	0.0	0.28272281384542486	1.2353149567700445
880	0.0	0	0.0	0.17219261039967115	0.7706962642566046
880	0.0	0	0.0	0.3735074472691212	1.219632773098906
883	0.0	0	0.0	0.3346837203073151	1.4435910374932306
884	0.0	0	0.0	0.13698706387455606	0.6286549247030883
884	0.0	1	0.0	0.804218073862166	3.075626267704281
885	0.0	0	0.0	0.8008617211643689	2.742543802555418
886	0.0	0	0.0	0.7811733498718127	3.0360334566412543
889	0.0	0	0.0	0.28253604149187017	1.1760690765304473
889	0.0	0	0.0	0.25908684670901116	0.9535144143916082
891	0.0	0	0.0	0.16788645961812737	0.43331647770432913
892	0.0	1	0.0	0.5511696009792104	2.382031413932519
893	0.0	0	0.0	0.38831980161396984	1.1932706203979992
893	0.0	0	0.0	0.6709816210004058	2.5197763779890243
894	0.0	0	0.0	0.9920669084079039	3.6959353418016807
897	0.0	0	0.0	0.2544262657966709	0.9577905128303643
899	0.0	0	0.0	0.3091618641510654	1.1254042126069552
900	0.0	0	0.0	0.12205340564032333	0.3209598274578772
905	0.0	0	0.0	0.3950345647480254	1.0649426548715435
905	0.0	0	0.0	0.6300266049203568	2.5103093201623463
906	0.0	0	0.0	0.1439043093363245	0.3006184666212979
912	0.0	0	0.0	0.5045306673082359	2.348165283949161
914	0.0	0	0.0	0.4720934449645678	1.352630697929295
917	0.0	0	0.0	0.12888623230749552	0.6225912244411477
919	0.0	0	0.0	0.41586560673261225	1.2499915997700273
924	0.0	0	0.0	0.27976963130075116	1.1626790163800012
927	0.0	0	0.0	0.1797546360407242	0.7414301502857258
939	0.0	0	0.0	0.20215294708335182	0.8311800575588723
940	0.0	0	0.0	0.19847998824767787	0.7482184614603984
941	0.0	0	0.0	0.15954059175837254	0.4462022275437025
946	0.0	0	0.0	0.18139064059717275	0.5947519516976502
947	0.0	0	0.0	0.14943330628233414	0.4625510426307793
948	0.0	0	0.0	0.06884026660178086	0.23568640297781696
955	0.0	0	0.0	0.18370035563826204	0.7350771448170286
958	0.0	0	0.0	0.11613840976887851	0.5505921033415683
959	0.0	0	0.0	0.15617812355388278	0.6383023920249699
960	0.0	0	0.0	0.14099184511235183	0.3943155801072661
961	0.0	0	0.0	0.16459981306908653	0.27393767349474546
967	0.0	0	0.0	0.23698908390934448	0.9190608043768597
968	0.0	0	0.0	0.26333614814344863	0.6845523851308203
969	0.0	0	0.0	0.32317154206529636	1.440494757356662
970	0.0	0	0.0	0.972823934729808	3.710801231148764
971	0.0	0	0.0	0.5285093699830511	2.257551413978859
977	0.0	0	0.0	0.2970619756286458	0.9096723545240207
977	0.0	0	0.0	0.24641018264525547	0.7820952179575206
978	0.0	0	0.0	0.1258686080251692	0.6380712344657923
979	0.0	0	0.0	0.09562713723351447	0.5949381328961617
981	0.0	0	0.0	0.33716278654542925	1.3320258015285238
985	0.0	0	0.0	0.21437761807076222	0.6114058385937919
986	0.0	0	0.0	0.33424878824329207	1.7432865139558218
987	0.0	0	0.0	0.731439710809845	3.081485074130368
989	0.0	0	0.0	0.317410237556928	1.2238314200593519
991	0.0	0	0.0	0.24522613139078397	0.7731415452111445
993	0.0	0	0.0	0.23144291853468357	0.8979154494690602
993	0.0	0	0.0	0.25648106670636445	0.7101418014466734
994	0.0	0	0.0	0.4616973869534615	1.6018669041885183
994	0.0	0	0.0	0.1522324919387191	0.7285657588155378
995	0.0	0	0.0	0.22815002374642054	0.872506589879759
995	0.0	0	0.0	0.14529148664887842	0.67442614050455
996	0.0	0	0.0	0.36884231353403907	1.4034831983150398
997	0.0	0	0.0	0.31182009821597645	1.2556324549651203
998	0.0	0	0.0	0.2805220017880034	1.2817379014618102
1001	0.0	0	0.0	0.7385001930797007	2.6593965374737687
1001	0.0	0	0.0	0.21760065505709084	0.4995636795767142
1002	0.0	0	0.0	0.2686539201113898	1.4504039031082478
1002	0.0	0	0.0	0.14015854823101168	0.6185850911707097
1003	0.0	1	0.0	0.31082193530392777	1.8341173432965687
1003	0.0	0	0.0	0.22344334804527746	0.855719799826097
1005	0.0	0	0.0	0.8968300439473967	3.743305404852983
1008	0.0	0	0.0	0.1518749072161647	0.5680796090296851
1008	0.0	1	0.0	0.23620892027152163	0.30895652315625804
1010	0.0	0	0.0	0.6138675859964993	2.596494942118839
1011	0.0	0	0.0	0.22070557507483496	1.4666250893362252
1012	0.0	0	0.0	0.4525408053449399	2.592980987903601
1014	0.0	0	0.0	1.0385029545786768	4.321571507341731
1014	0.0	0	0.0	0.08866569528958483	0.2803531288271563
1015	0.0	0	0.0	0.19300271483414694	0.5176109845814721
1016	0.0	0	0.0	0.17682195332671286	0.5901654103048404
1017	0.0	0	0.0	0.28866088064375145	1.1114459719721186
1019	0.0	0	0.0	0.1967052517832622	0.4027862482724932
1020	0.0	0	0.0	0.21099865686199215	0.6033280590750729
1021	0.0	0	0.0	0.34089250643198193	1.1314089579864408
1022	0.0	0	0.0	0.05678711783224609	0.25958241723150527
1023	0.0	0	0.0	0.44036847697595777	1.3744434354693826
1023	0.0	0	0.0	0.09284123559403183	0.4485580325856385
1024	0.0	0	0.0	0.4476593716130992	1.31147126029334
1024	0.0	0	0.0	0.19729811971205197	0.8012278713341578
1025	0.0	0	0.0	0.03728643951263294	0.21767881490112337
1026	0.0	0	0.0	0.36432733182930577	1.4425894438985827
1026	0.0	0	0.0	0.10247731112967666	0.4576081280193489
1027	0.0	0	0.0	0.2641206130179275	1.0766953384860776
1028	0.0	0	0.0	0.5988488975859797	2.356971293220436
1029	0.0	0	0.0	0.2300738145591643	0.8067181386341271
1030	0.0	0	0.0	0.24466443180675435	0.9032216942918933
1032	0.0	0	0.0	0.2156124961129301	0.7009707082123465
1033	0.0	0	0.0	0.10459190234708676	0.41687151778521325
1033	0.0	0	0.0	0.08476533750455514	0.4279472437653972
1034	0.0	1	0.0	0.7303427888011302	1.9397903256810578
1035	0.0	0	0.0	0.16276711391712598	0.631243189683534
1036	0.0	0	0.0	0.37385369839706434	1.0035846520415437
1037	0.0	0	0.0	0.1912783383647059	0.38631251475026895
1038	0.0	0	0.0	0.15638012536676726	0.5754651476186886
1040	0.0	0	0.0	0.20459216393074348	0.6156417378382333
1040	0.0	0	0.0	0.11923778237649309	0.4886249895672231
1041	0.0	0	0.0	0.32987158126520794	1.0614280298286578
1042	0.0	0	0.0	0.3211310713317411	0.9906876661803847
1043	0.0	0	0.0	0.427417900033547	1.148046583141182
1045	0.0	0	0.0	0.08486809031328657	0.3682159533153447
1046	0.0	0	0.0	0.12192445859993511	0.4577073419664653
1047	0.0	0	0.0	0.09175195548221449	0.1510882373433347
1048	0.0	0	0.0	0.12904739667450923	0.553031305074003
1050	0.0	0	0.0	0.08851161603248558	0.31511129139307004
1051	0.0	0	0.0	0.1118765476052435	0.19547830866222005
1052	0.0	0	0.0	0.1440017466289017	0.3982452153215891
1055	0.0	0	0.0	0.281971968138764	1.2641056496795267
1055	0.0	1	0.0	0.12641472469101556	0.5347197600940016
1056	0.0	0	0.0	0.3988578972293821	1.2613567843884106
1056	0.0	0	0.0	0.04655550399249078	0.24220823506982667
1057	0.0	0	0.0	0.1594136691334455	0.6605619200030108
1058	0.0	0	0.0	0.43487376146598883	2.1300728961282167
1058	0.0	0	0.0	0.08326324072014286	0.33519958815048817
1061	0.0	0	0.0	1.0481196202451741	4.173759849577145
1062	0.0	0	0.0	0.3767706961052791	0.9245997063358118
1062	0.0	0	0.0	0.11934837687808403	0.5643553040166269
1065	0.0	0	0.0	0.5407343551393021	1.398513510791599
1068	0.0	0	0.0	0.10332119677537509	0.4602274707374476
1069	0.0	0	0.0	0.16146760509318686	0.7136276916541129
1070	0.0	0	0.0	0.1338702490428666	0.6598366400287228
1071	0.0	0	0.0	0.10542517817881858	0.5945220216512522
1072	0.0	0	0.0	0.13286805651593608	0.6906892959459004
1073	0.0	0	0.0	0.22282309641455716	0.9984156324416388
1075	0.0	0	0.0	0.2654796372534253	1.1199159877504024
1076	0.0	0	0.0	0.21073314054599096	0.9467393827007234
1083	0.0	0	0.0	0.09701888553596107	0.44586894204813043
1085	0.0	0	0.0	0.08305429045317407	0.16724306972399966
1086	0.0	0	0.0	0.10654160195593754	0.4105736818727914
1088	0.0	0	0.0	0.010762250514706095	0.020333006292621407
1089	0.0	0	0.0	0.030727094321769698	0.08150655404928375
1091	0.0	0	0.0	0.029714411245938138	0.15293310963697018
1093	0.0	0	0.0	0.10903855078124793	0.4304759011095061
1094	0.0	0	0.0	0.2280014492078633	0.7807073734426284
1095	0.0	0	0.0	0.2880994199617975	1.0108033993805556
1097	0.0	0	0.0	0.10388977424973633	0.28223499809723646
1097	0.0	0	0.0	0.02093636167938337	0.10418106175973602
1098	0.0	0	0.0	0.5655745090798764	2.057088617255819
1099	0.0	0	0.0	0.6084846200925635	2.0910928934837894
1099	0.0	0	0.0	0.05700717202876728	0.20203373181895865
1100	0.0	0	0.0	0.44716103151594444	1.5641436972091145
1100	0.0	0	0.0	0.018467774710841562	0.03617280582822736
1101	0.0	0	0.0	0.013048660293556875	0.07016740983378798
1104	0.0	0	0.0	1.2377496296112351	4.586630924472561
1106	0.0	0	0.0	0.3777904645246189	1.240125855368901
1109	0.0	0	0.0	0.2589070995863557	1.265089832326741
1111	0.0	0	0.0	0.2565241909437803	1.2378167776658195
1115	0.0	0	0.0	0.2934432261688384	0.8478229372532075
1116	0.0	0	0.0	0.23613749850631244	0.8724262934005491
1118	0.0	0	0.0	0.08372855868625884	0.4083843649453377
1119	0.0	0	0.0	0.46823032155556676	1.8654712570058964
1120	0.0	0	0.0	0.6231286532503221	2.1337893348282937
1121	0.0	0	0.0	0.3770660690428419	1.5455618222005492
1122	0.0	0	0.0	0.5080426068102301	1.8784944390658114
1123	0.0	0	0.0	0.305442290970167	1.8131433312694285
1124	0.0	0	0.0	0.44603571891951976	1.8529612433747416
1126	0.0	0	0.0	0.1782249874952517	0.8186900244164897
1127	0.0	0	0.0	0.14035266806049718	0.23335651769499793
1129	0.0	0	0.0	0.158987904672104	0.19168653143834077
1130	0.0	0	0.0	0.24685710267919161	0.8292190105067966
1131	0.0	0	0.0	0.6043380513247033	1.7862464533609286
1132	0.0	0	0.0	0.8827717302110492	2.344777427414418
1132	0.0	0	0.0	0.05446213225865343	0.0996860326239806
1133	0.0	0	0.0	0.4412483608349276	1.4866738615949187
1134	0.0	0	0.0	0.3609055195547261	0.9677530306062873
1134	0.0	0	0.0	0.059911927205264406	0.2781782271140328
1135	0.0	0	0.0	0.45010239790224577	1.5047346391914278
1136	0.0	0	0.0	0.47119284633492825	1.503316799620723
1140	0.0	0	0.0	0.07406401180815825	0.30192038343620076
1142	0.0	0	0.0	0.12516842638813963	0.408796206853997
1144	0.0	0	0.0	0.3437803368287764	1.2853518395049528
1146	0.0	0	0.0	0.18157784520950238	0.41671916016816574
1151	0.0	0	0.0	0.3938985930554713	1.5375123901634866
1153	0.0	0	0.0	0.11306240780733297	0.5564170256211273
1158	0.0	0	0.0	0.3879083628699548	1.3768251524960913
1161	0.0	0	0.0	0.3345355840185662	1.555463158697619
1162	0.0	0	0.0	0.3088166915979329	1.4945174289681766
1165	0.0	0	0.0	0.3471005469422674	1.4324509217617265
1168	0.0	0	0.0	0.19635008223269293	0.8968256079474693
1169	0.0	0	0.0	0.32468339777256655	1.2877426237803813
1173	0.0	0	0.0	0.4189422300490012	1.3014567431167863
1174	0.0	0	0.0	0.2617041253902793	1.1179751471141708
1177	0.0	0	0.0	0.2711485918823864	1.1582354112366795
1180	0.0	0	0.0	0.09035393811421658	0.5079082599613365
1181	0.0	0	0.0	0.153799751232545	1.0041056500980365
1198	0.0	0	0.0	0.07631945986553017	0.3294936587011767
1199	0.0	0	0.0	0.16021241112443232	0.5572980329473205
1200	0.0	0	0.0	0.08839139640793495	0.6094077650098322
1201	0.0	0	0.0	0.19328362409762193	1.2351562438720982
1207	0.0	0	0.0	0.24435959190812295	0.8873344896940702
1208	0.0	0	0.0	0.13714368907395447	0.5213418493742158
1209	0.0	0	0.0	0.07361494665833995	0.2705678793484783
1210	0.0	0	0.0	0.13318524199827275	0.3958516834975793
1211	0.0	0	0.0	0.03564687319762306	0.12216548777403644
1218	0.0	0	0.0	0.1508216384768296	0.8132700177178178
1223	0.0	1	0.0	0.2036702805524978	0.7530187959769058
1225	0.0	0	0.0	0.434146632527291	1.95592008513646
1234	0.0	0	0.0	0.13565691598661228	0.4081423090394625
1235	0.0	0	0.0	0.07550710138992728	0.2811019201813841
1236	0.0	0	0.0	0.14795823562839924	0.542982154812945
1237	0.0	0	0.0	0.3360720130381091	1.6670086659549423
1242	0.0	0	0.0	0.32034348526467415	0.9912179194937252
1247	0.0	0	0.0	0.29276431179124723	1.6159777025500657
1253	0.0	0	0.0	0.42473978971838783	1.4279953587845764
1264	0.0	0	0.0	0.43734745599480684	1.872641172845044
1265	0.0	0	0.0	0.4118328413478595	1.6970371489838754
1266	0.0	0	0.0	0.3098761154185652	0.973919448292914
1267	0.0	0	0.0	0.42211676135777554	1.0544408501704772
1268	0.0	0	0.0	0.175050900519833	0.6808655793365276
1269	0.0	0	0.0	0.4332965299404503	1.915131673531117
1270	0.0	0	0.0	0.6277420752567145	2.475658586869994
1271	0.0	0	0.0	0.20097099458337103	1.0023237061258095
1272	0.0	0	0.0	0.2752574331184127	1.3181218123584646
1286	0.0	0	0.0	0.789459444297624	3.4162538191805543
1294	0.0	0	0.0	0.16425154679514112	0.9256342559560569
1307	0.0	0	0.0	0.2168637150152522	0.759502560693345
1313	0.0	0	0.0	0.4654970766536342	1.3793837212203366
1316	0.0	0	0.0	0.3947162801881351	1.5253340554230208
1318	0.0	0	0.0	0.3211279620583201	1.3019404631260292
1337	0.0	0	0.0	0.18590034539050387	0.4162961976468909
1338	0.0	0	0.0	0.2112306371517014	1.0700885507821616
1340	0.0	0	0.0	0.8305702650573883	2.98908066387991
1350	0.0	0	0.0	0.2601707523626803	1.0004506849544288
1351	0.0	0	0.0	0.13863761503284944	0.5838701196448242
1353	0.0	0	0.0	0.22960866908469163	0.7438209358367033
1362	0.0	0	0.0	0.1679587978965392	0.5426861090805404
1367	0.0	0	0.0	0.12468367939213676	0.382297119572841
1375	0.0	0	0.0	0.09580562399344086	0.3199706438775773
1376	0.0	0	0.0	0.1914049228345922	0.6719218581424473
1378	0.0	0	0.0	0.16951198649326354	0.9634594248265018
1381	0.0	0	0.0	0.1946588790278638	0.7812546407488982
1383	0.0	0	0.0	0.4512823021560424	1.5289183654752903
1388	0.0	0	0.0	0.23635047581766178	0.978387243495288
1389	0.0	0	0.0	0.4469156532648154	1.786230776748107
1390	0.0	0	0.0	0.3679197924125424	1.40812173771403
1391	0.0	0	0.0	0.20567260029698564	1.029287800216234
1393	0.0	0	0.0	0.3930974112552557	1.3574409038555042
1398	0.0	0	0.0	0.19421089998056176	0.9608497221456191
1399	0.0	0	0.0	0.36174192106136194	1.4426462691735842
1400	0.0	0	0.0	0.42440180722474163	1.7019094561442285
1401	0.0	0	0.0	0.5264970569629168	2.235002402211104
1404	0.0	0	0.0	0.7899994939083609	3.331079101379822
1405	0.0	0	0.0	0.44976887850620106	1.6902134715459425
1411	0.0	0	0.0	0.5560175688920695	2.3417294256631065
1412	0.0	0	0.0	0.2681685965756326	1.1812061157008227
1413	0.0	0	0.0	0.22211929689757604	1.069146355670862
1414	0.0	0	0.0	0.27670940398138627	1.133488720626383
1417	0.0	0	0.0	0.4436334900300655	1.5143942589193204
1418	0.0	0	0.0	0.2785048041575096	1.1032697026555975
1419	0.0	0	0.0	0.2284800147789274	1.0638389365488228
1421	0.0	0	0.0	0.37909878215880194	1.6528238351065063
1422	0.0	0	0.0	0.19075294983631438	0.8356597978923468
1423	0.0	0	0.0	0.24446796667630988	1.0365255726488465
1425	0.0	0	0.0	0.29481997365962265	1.1699735810578156
1433	0.0	0	0.0	0.09915008100867954	0.1914969022239561
1445	0.0	0	0.0	0.2272218761480424	0.5630065016006123
1447	0.0	0	0.0	0.20529408896201035	0.4063604738188299
1448	0.0	0	0.0	0.29327735910469926	1.2012856823822415
1449	0.0	0	0.0	0.4447686212381969	1.8822277126794102
1450	0.0	0	0.0	0.5444105891281658	1.7782609861011367
1452	0.0	0	0.0	0.1946238351614918	0.7430982293868641
1453	0.0	0	0.0	0.164635627141175	0.5053214242571237
1455	0.0	0	0.0	0.18280322370920693	0.7835423754640222
1456	0.0	0	0.0	0.42875236352723384	1.559099659907992
1458	0.0	0	0.0	0.17591632658672512	0.6232825136777336
1459	0.0	0	0.0	0.3009063579759667	1.1037715064896574
1462	0.0	0	0.0	0.4293962906339934	1.7517416574797056
1469	0.0	0	0.0	0.4525150735843531	1.242399558312716
1470	0.0	0	0.0	0.7100069713295283	3.2212936410315653
1471	0.0	0	0.0	0.3617608640233766	0.8827062074511292
1478	0.0	0	0.0	0.2804831615280718	1.0056812068140146
1479	0.0	0	0.0	0.6138878561319739	2.3747431841858853
1480	0.0	0	0.0	0.5474985343406844	1.8717692328903512
1482	0.0	0	0.0	0.1310759949187559	0.6452314352638544
1486	0.0	0	0.0	0.19377693407927707	0.5172965027249286
1487	0.0	0	0.0	0.11861345625059579	0.5990024218844786
1488	0.0	0	0.0	0.13463053209806902	0.9393265063395846
1489	0.0	0	0.0	0.11796644606356642	0.20519537434714566
1490	0.0	0	0.0	0.2712594816901194	0.9029431478744085
1492	0.0	0	0.0	0.09647561949105891	0.40710120319562626
1496	0.0	0	0.0	0.2411900467522696	1.5405750337978983
1497	0.0	0	0.0	0.3322398288814223	1.776398537152292
1498	0.0	0	0.0	0.6707775744651181	2.661639676900386
1505	0.0	0	0.0	0.035494822200933945	0.02373008624163323
1506	0.0	0	0.0	0.07928052699466906	0.3329771552889278
1508	0.0	0	0.0	0.05530305432441063	0.26446635240162475
1509	0.0	0	0.0	0.07402658911058883	0.303804788905673
1510	0.0	0	0.0	0.014167399735798272	0.0703689784190271
1514	0.0	0	0.0	0.07103285798368297	0.262718237052637
1516	0.0	0	0.0	0.052335207840130404	0.17053368926349635
1519	0.0	0	0.0	0.102708979931736	0.449386571846189
1520	0.0	0	0.0	0.07262713413784137	0.21121683558086773
1521	0.0	0	0.0	0.16336623813600226	0.6105457628442569
1526	0.0	0	0.0	0.02692526885489045	0.08365046579373113
1528	0.0	0	0.0	0.03731624588036897	0.21474554887859706
1531	0.0	0	0.0	0.18263195366376953	0.7446873037984958
1532	0.0	0	0.0	0.07364879085530224	0.4948422030465721
1533	0.0	0	0.0	0.20854056386761405	0.9212392814402733
1535	0.0	0	0.0	0.35355540740951613	1.2192040723307167
1541	0.0	0	0.0	0.15671617275699515	0.4588719448977564
1545	0.0	0	0.0	0.18016378378000883	0.4116218769744334
1546	0.0	0	0.0	0.10855479954512214	0.652641377475895
1547	0.0	0	0.0	0.31873583148249063	1.2588566320886756
1548	0.0	0	0.0	0.2207333827652135	0.7921183223031165
1554	0.0	0	0.0	0.2181247472717473	1.015217856749815
1555	0.0	0	0.0	0.14061591425967032	0.7320483601790914
1562	0.0	0	0.0	0.07953835624813031	0.28819124699618814
1563	0.0	0	0.0	0.09925923323148494	0.30349243595964415
1564	0.0	0	0.0	0.10349138959001174	0.4736290281658454
1565	0.0	0	0.0	0.19942567808238723	0.6752382876850552
1566	0.0	0	0.0	0.3180404970315766	0.6673381908413197
1568	0.0	0	0.0	0.10193062301288695	0.19875098375858913
1569	0.0	0	0.0	0.1284735412491814	0.7788387584811863
1570	0.0	0	0.0	0.19194576472066682	0.904338113550445
1571	0.0	0	0.0	0.3583421376934818	1.1324938613055429
1572	0.0	0	0.0	0.2697858867442562	1.1661091683920444
1573	0.0	0	0.0	0.523145777004615	1.7572771521661574
1576	0.0	0	0.0	0.28973658476652053	0.8950254978155259
1581	0.0	0	0.0	0.14340016476838535	0.5369772831289141
1587	0.0	0	0.0	0.5406987947341056	1.950993625292218
1590	0.0	0	0.0	0.20434141079435159	0.775568329567553
1595	0.0	0	0.0	0.0828449308832668	0.4115052981713666
1606	0.0	0	0.0	0.41734094517723885	1.6066636591634023
1607	0.0	0	0.0	0.22618087281718469	0.9488541608117066
1608	0.0	0	0.0	0.30140374973762074	1.5823106159526499
1609	0.0	0	0.0	0.4243090391096382	2.404995519577885
1610	0.0	0	0.0	0.6696811569284984	3.2049633211008994
1611	0.0	0	0.0	0.6488912243252984	3.206123449637785
1612	0.0	0	0.0	0.3068978368943443	1.5695121904615055
1613	0.0	0	0.0	0.3935841671659085	1.632827650658105
1614	0.0	0	0.0	0.35963846876613265	1.3503017760308755
1615	0.0	0	0.0	0.4909507851185432	1.9164188360876337
1616	0.0	1	0.0	0.4296404087933613	1.7311098528735809
1617	0.0	0	0.0	0.5139874328483989	1.7481121354759586
1619	0.0	0	0.0	0.22466246654406347	0.6459774093956723
1620	0.0	0	0.0	0.18894130186166075	0.47079133420630215
1621	0.0	0	0.0	0.6088463120957158	2.635506734053843
1622	0.0	0	0.0	0.9782560314540437	3.41271578088961
1623	0.0	0	0.0	0.4856817867148885	1.9956830953458866
1625	0.0	0	0.0	0.18304766059396171	0.5851132011436838
1626	0.0	0	0.0	0.17690169173927228	0.6110152002104183
1628	0.0	0	0.0	0.30962465951780827	1.5714482304033104
1629	0.0	0	0.0	0.9233908387786414	3.642038041876739
1630	0.0	0	0.0	0.5590699188557429	2.291815830467681
1633	0.0	0	0.0	0.2039825030468518	0.5318390950770143
1637	0.0	0	0.0	0.261093742561828	1.3423457262254301
1640	0.0	0	0.0	0.25825214095458576	0.896292123535579
1641	0.0	0	0.0	0.2773826118179347	1.0830689519778895
1645	0.0	0	0.0	0.27532232080468944	1.6595593660955592
1647	0.0	0	0.0	0.208763081329401	1.0859374304762113
1650	0.0	0	0.0	0.10891013334455919	0.5397063672503138
1651	0.0	0	0.0	0.16915349788753545	0.7527825975941858
1655	0.0	0	0.0	0.24641491749996783	1.35991160143163
1656	0.0	0	0.0	0.19396366814859028	0.7920568664584814
1658	0.0	0	0.0	0.13093301387892153	0.4127783210587398
1663	0.0	0	0.0	0.7053197110955028	2.3828818659971005
1664	0.0	0	0.0	0.39263680728231115	1.324219496381082
1665	0.0	0	0.0	0.3156606691359977	1.1487568255233802
1673	0.0	0	0.0	0.3145531099648742	1.0706136295926525
1678	0.0	0	0.0	0.6147946311347425	2.7841153312990277
1681	0.0	0	0.0	0.24360570614780852	1.1094161417551178
1682	0.0	0	0.0	0.2471151169930801	1.0913870177221752
1689	0.0	0	0.0	0.18448204403070498	0.9227186123950925
1696	0.0	0	0.0	0.19871995108432425	0.6999595005029023
1699	0.0	0	0.0	0.15508542530961086	0.5798058749684246
1700	0.0	0	0.0	0.2702892394480219	0.9704746539087578
1705	0.0	0	0.0	0.184575266070232	0.7146922813353347
1706	0.0	0	0.0	0.24400657141401247	0.9838699499481746
1709	0.0	0	0.0	0.10886706418736738	0.4118644272903878
1714	0.0	0	0.0	0.18046646968882937	0.5630249653383146
1719	0.0	0	0.0	0.2737275483639014	1.080318271939543
1729	0.0	0	0.0	0.1630045914114509	0.5161260220269923
1731	0.0	0	0.0	0.19692829734093203	0.7015108396476434
1732	0.0	0	0.0	0.06802678791168384	0.06017699031210669
1733	0.0	0	0.0	0.09139011479030684	0.39471785116976416
1743	0.0	0	0.0	0.08629427202783499	0.2715391778889423
1744	0.0	0	0.0	0.12227325302567073	0.36138991607362747
1751	0.0	0	0.0	0.0698443262952994	0.3348758078785552
1752	0.0	0	0.0	0.16784109287839696	0.5245812696616302
1760	0.0	0	0.0	0.11173430382165199	0.35944382629451077
1761	0.0	0	0.0	0.12279528687039412	0.35493050972638623
1763	0.0	0	0.0	0.2625691059721803	1.1457867561665505
1764	0.0	0	0.0	0.29277254926268903	1.1277416417983852
1765	0.0	0	0.0	0.10144926325865221	0.34241774935118297
