scene_id	sigma	col	noise_norm	ade	fde
0	0.006	0	0.006338170729577541	0.14920945320243012	0.5660342700858628
1	0.006	0	0.005876539740711451	0.17111205060058776	0.7022928738639124
2	0.006	0	0.005254801828414202	0.17895124265682164	0.687539559462621
3	0.006	0	0.0062433877028524876	0.275226460914408	1.037483509833001
3	0.006	0	0.0052619818598032	0.1397825263961762	0.4836292656079837
4	0.006	0	0.0030430981423705816	0.6139965450669006	1.5189244901222112
4	0.006	0	0.0060813878662884235	0.09882704280261519	0.20266520856049494
5	0.006	0	0.00334287085570395	0.29045529279578486	1.096581075001529
5	0.006	0	0.0071120550855994225	0.25807169861797014	0.38881850982881705
5	0.006	0	0.005564088933169842	0.18764784947538451	0.7812780113673498
6	0.006	0	0.005363161209970713	0.059098287595852644	0.15537870245615037
6	0.006	0	0.005914643406867981	0.7827370584763388	2.6986632803718957
6	0.006	0	0.004391662310808897	0.1634609824569948	0.7488182204950435
7	0.006	0	0.005668981000781059	0.6151765127378206	1.6463967613122283
8	0.006	0	0.005149050150066614	0.26754668357785083	1.0527846854288447
8	0.006	0	0.0048978133127093315	0.778483053781407	2.4864994723410323
9	0.006	0	0.0071411821991205215	0.23208067241578134	0.840162765372411
9	0.006	0	0.0070421816781163216	0.2594251497169066	0.8365616129504916
10	0.006	0	0.005963865201920271	0.19963013650599282	0.826521853617758
10	0.006	0	0.005051855929195881	0.44668142661551513	1.8483285567840495
10	0.006	0	0.006206712685525417	0.24656522028388161	0.9784931739047866
11	0.006	0	0.007311043795198202	0.3637341834258208	1.7282936073685427
11	0.006	0	0.0053668394684791565	0.15018694242422118	0.5710421122580571
11	0.006	0	0.005227472633123398	0.1673507040680711	0.889100113664567
12	0.006	0	0.0017475797794759274	0.48389666787637353	1.9752398750580873
12	0.006	0	0.0039290268905460835	0.6980630676511921	2.029181931564768
12	0.006	0	0.004258832428604364	0.17218088666116468	0.9281855647230015
13	0.006	0	0.005846442189067602	0.4432263782825422	1.8362511135765842
13	0.006	0	0.0034359784331172705	1.0580305682014675	3.6587206219178143
14	0.006	0	0.005819068755954504	0.3005351689595928	1.3889770796035081
14	0.006	0	0.005953201558440924	0.47636538178518345	1.8080109458953701
15	0.006	0	0.005075562279671431	0.2322887038215042	1.2806437512766993
15	0.006	0	0.005016984883695841	0.5044891110133399	1.9141495754895756
16	0.006	0	0.005767779890447855	0.5604895767597087	2.293643507771779
16	0.006	0	0.007142495829612017	0.19487480680665892	0.7575676080053416
17	0.006	0	0.005595977418124676	0.5189412232312527	1.9089036369958774
17	0.006	0	0.004826402757316828	0.5323056812094314	2.0576754215506465
17	0.006	0	0.004934647120535374	0.1749017682646086	0.9249530828074595
18	0.006	0	0.00437229173257947	0.2872831391033627	1.17146951451819
18	0.006	0	0.00370334112085402	0.2926547749622069	1.2356273637798023
19	0.006	0	0.005019772797822952	0.11511732357817753	0.5297147484710849
19	0.006	0	0.005174126010388136	0.7018645172734915	2.971247415842825
20	0.006	0	0.006077812053263187	0.30668253688756575	1.0765235739044818
20	0.006	0	0.0032970705069601536	0.38849707347832424	1.4382252165660312
21	0.006	0	0.005472713615745306	0.448997333968355	1.8552763022515697
21	0.006	0	0.0038247844204306602	0.4097160782888195	1.3923557741068093
22	0.006	0	0.006233565043658018	1.0657953691430846	3.257671834132591
23	0.006	0	0.005703883711248636	0.5215125337384585	1.7663307414356835
24	0.006	0	0.0066605680622160435	0.3664883835648983	1.7696939346489973
24	0.006	0	0.0065110959112644196	0.04940119567868851	0.2295508681785257
26	0.006	0	0.0074754152446985245	0.9714114304336879	4.175352890796897
27	0.006	0	0.0037681639660149813	0.9850995215524057	4.051708299089973
28	0.006	0	0.005213872995227575	0.1311824556398596	0.4208675490558398
29	0.006	0	0.003863685531541705	0.04324013722176798	0.11599197074076552
30	0.006	0	0.004566918592900038	0.679635814083052	2.156239377389335
31	0.006	0	0.004608554299920797	0.2850668237164249	0.8379325298592726
31	0.006	0	0.004845418035984039	0.054439977242397894	0.21065760302700837
32	0.006	0	0.004540934693068266	0.2781399007139355	0.8078034530269078
33	0.006	0	0.005263657309114933	0.24637528565002795	0.7609893283082143
34	0.006	0	0.00407392019405961	0.263525861840352	1.159692482731654
35	0.006	0	0.006038470659404993	0.25565051564879965	0.7544305787935749
35	0.006	0	0.005986832082271576	0.21799968632157252	0.8391698481994807
36	0.006	0	0.004759135190397501	0.1280423065935067	0.28180326935903843
36	0.006	0	0.005232325755059719	0.1358026108085315	0.44949066973999285
37	0.006	0	0.0055923773907125	0.7821912175734024	2.369030398522125
38	0.006	0	0.005227450281381607	0.4744708750849777	1.2892363807515617
39	0.006	0	0.003560054814442992	0.2820226228083173	0.7525389504848865
40	0.006	0	0.0062906634993851185	0.07635979443672493	0.2807920966257818
40	0.006	0	0.005515821278095245	0.2908946751818529	0.628955034541225
41	0.006	0	0.006778344977647066	0.1900253325697882	0.18646876979593308
42	0.006	0	0.005735315848141909	0.37366825451605673	1.301578980840469
43	0.006	0	0.006339460611343384	0.19499168592594118	0.578093907338085
44	0.006	0	0.006531781982630491	0.08598500547311431	0.44110294668919897
44	0.006	0	0.0048898146487772465	0.2108441774117545	0.6963086600773495
44	0.006	0	0.004237630870193243	0.27117827026264285	0.46134409528382614
45	0.006	0	0.006879150867462158	0.3376363195081697	0.8654141211038686
45	0.006	0	0.0064466567710042	0.1487655870245091	0.9198654932700382
49	0.006	0	0.0051989443600177765	0.14033275929496292	0.5496215145757741
49	0.006	0	0.005699688568711281	0.4720517203263425	1.7483538629154276
50	0.006	0	0.006825173739343882	0.17626700032758236	0.5600517441758659
50	0.006	0	0.006413469556719065	0.36551391356029633	1.3212987909608995
51	0.006	0	0.00405062735080719	0.279475282634398	0.9961623047216599
52	0.006	0	0.002559693530201912	0.1373312545895506	0.5709138587034205
52	0.006	0	0.007359350565820932	0.29632947358439393	0.9657504435400096
54	0.006	0	0.005269006825983524	0.21156411817938606	0.7952836575081996
54	0.006	0	0.006330858450382948	0.3758159848924209	1.9329817369037918
55	0.006	0	0.005919142160564661	0.49043039642511227	1.9910867765986542
56	0.006	0	0.006212844513356686	0.34303645740056576	1.3093758017277728
57	0.006	0	0.005200411193072796	0.4024383292306974	1.6072200252967368
58	0.006	0	0.004620096646249294	0.34922084945900456	1.1492759275459583
60	0.006	0	0.006069840397685766	0.3966562265179226	1.4042383826469136
60	0.006	0	0.004275851417332888	0.46186703394968115	2.117513482433146
61	0.006	0	0.0046684155240654945	0.07524961224271702	0.18672026730407779
61	0.006	0	0.006798444781452417	0.48441151168717766	2.0362598849371127
62	0.006	0	0.005560638848692179	0.0395704142534621	0.2152443108208043
62	0.006	0	0.006159646902233362	0.3140887368161981	1.2815254975334347
63	0.006	0	0.004094508942216635	0.19440416377244885	0.6710885953125351
63	0.006	0	0.003701066831126809	0.4682930896906534	1.7896288637924156
64	0.006	0	0.006505762692540884	0.16566554811547368	0.505222077504223
65	0.006	0	0.0049625881947577	0.07456562818380677	0.4909080146296108
66	0.006	0	0.00561071140691638	0.1299970209444185	0.6878228393664997
67	0.006	0	0.004658927209675312	0.09545161660461982	0.2847975535988554
67	0.006	0	0.0045633926056325436	0.1757094128565202	0.7204485460463906
68	0.006	0	0.005026923026889563	0.1636460640067431	0.7486447135910311
68	0.006	0	0.005610042717307806	0.24894657954999927	0.6165649914438097
69	0.006	0	0.00522142369300127	0.08783837766023761	0.3112893331355668
69	0.006	0	0.0051834178157150745	0.06240794292403818	0.14415903037839137
69	0.006	0	0.006639199797064066	0.1653824575916139	0.5392269933403937
70	0.006	0	0.004821650218218565	0.23168886451256482	1.258027844493479
70	0.006	0	0.0051321848295629025	0.33309272578904064	1.1555086126100504
70	0.006	0	0.004939524456858635	0.07470449251888032	0.28965661985120056
71	0.006	0	0.0053719752468168736	0.2737142371403827	1.449832037595453
71	0.006	0	0.004464545287191868	0.2775977006107707	1.0573338124835132
71	0.006	0	0.0072198715060949326	0.07655828749330727	0.3490705832948873
72	0.006	0	0.0032621456775814295	0.3849072158251092	1.885324862641912
72	0.006	0	0.0044941287487745285	0.12082292945732777	0.2690215844140691
73	0.006	0	0.00503920391201973	0.5201711693074615	2.197629884111497
73	0.006	0	0.007171240635216236	0.41961451456023985	1.692401486474845
74	0.006	0	0.003596322378143668	0.5367774951537715	1.9709164179557865
74	0.006	0	0.00696765398606658	0.6542862713054242	2.746892154875613
75	0.006	0	0.005713051185011864	0.3291800666717896	0.917692167915668
76	0.006	0	0.0060400101356208324	0.39357917191445635	1.6785450210982251
78	0.006	0	0.006201728712767363	0.42714391789141587	1.696521935769631
78	0.006	0	0.005016296170651913	0.13239892011285517	0.5262711744063195
79	0.006	0	0.005994748789817095	0.13289260229814434	0.4671662170945278
80	0.006	0	0.003887404454872012	0.36591851541063364	1.7475789598544484
80	0.006	0	0.004236517008394003	0.09475096212934109	0.352296420518566
81	0.006	0	0.004864375572651625	0.9404247441687384	2.912376109735595
81	0.006	0	0.0049370052292943	0.1440565051089901	0.561081550255287
82	0.006	0	0.005368656013160944	0.6048182806426738	2.217279706892029
82	0.006	0	0.004957482218742371	0.23915712430989805	0.735594463917552
83	0.006	0	0.00599804287776351	0.33183816681869965	0.8559865730680677
84	0.006	0	0.0065912529826164246	0.30169015767129315	0.7185629069244226
85	0.006	0	0.005721319001168013	0.08881928343225293	0.13135087707171836
85	0.006	0	0.004029790870845318	0.26468677897951726	1.1248931262948265
85	0.006	0	0.004354532808065414	0.21163223297205022	1.0201534644635273
86	0.006	0	0.0037402634043246508	0.3577166765679494	1.359786710249629
86	0.006	0	0.004301663488149643	0.12447117246993995	0.7500588027927487
88	0.006	0	0.006613132543861866	0.0718798912754899	0.1594307182842118
88	0.006	0	0.005155238788574934	0.5513941954552545	2.1894371377816677
89	0.006	0	0.005449846852570772	0.1618193761466103	0.7423456823791583
90	0.006	0	0.0066296812146902084	0.30563606079714956	1.3980654768153704
91	0.006	0	0.0053853620775043964	0.34634027196075745	1.4750704271471051
92	0.006	0	0.006298287305980921	0.18311780255610033	0.8536005903644329
93	0.006	0	0.005804825108498335	0.27507910188079326	1.2165918992197702
94	0.006	0	0.005938585847616196	0.5169495471149228	1.952852907467381
95	0.006	0	0.0070875477977097034	0.16491232089076263	0.6218837426053784
96	0.006	0	0.004755938425660133	0.1811539656350157	0.5509846790472082
97	0.006	0	0.005920107942074537	0.14951732323397757	0.3893195197241692
98	0.006	0	0.006754748988896608	0.2850399754694787	1.0080113698464714
99	0.006	0	0.005056777969002724	0.28683507364783917	0.989196778965735
100	0.006	0	0.0031338732223957777	0.39888324881261555	1.1714681107959857
100	0.006	0	0.00619124062359333	0.34106884584529074	1.361298594786214
100	0.006	0	0.00599347660318017	0.32152526091463285	1.3332200304998008
101	0.006	0	0.004358566831797361	0.23837270551014397	0.9141748177064081
101	0.006	0	0.004753944929689169	0.21764876630145405	0.6272288121358716
102	0.006	0	0.0051134442910552025	0.22316507429478674	0.6946660958853879
102	0.006	0	0.0068969931453466415	0.39401783356483994	1.1351910891963095
103	0.006	0	0.003978039603680372	0.2615964762834466	0.7297809099598993
103	0.006	0	0.00405633170157671	0.6226316306834355	3.384237414710103
104	0.006	0	0.006551281549036503	0.20982250849325576	0.7253382546903397
104	0.006	0	0.0039217970333993435	0.8755204452337579	4.3050580472710465
105	0.006	0	0.004108896479010582	0.40478241686830124	1.653296415170746
105	0.006	0	0.005144362337887287	0.02576460019324193	0.09403408688417025
106	0.006	0	0.005111189093440771	0.2768528787477815	0.8600255215666357
106	0.006	0	0.005095809698104858	1.0648804950583806	4.427007839429656
107	0.006	0	0.002351769944652915	0.3984371817479402	1.0017084163484782
107	0.006	0	0.0042520202696323395	1.1651435804074335	4.079936088671831
108	0.006	0	0.006107190158218145	0.14791641561120783	0.9987414159867605
108	0.006	0	0.005809443071484566	0.26130621829562073	0.45546931609465013
109	0.006	0	0.004454450216144323	0.4079571853018423	2.454115830237449
109	0.006	0	0.0043307337909936905	0.2539488195421019	0.5506170909633841
110	0.006	0	0.00567536149173975	0.765243118839505	3.4794903514281854
110	0.006	0	0.0053739701397717	0.09046877987919662	0.3596949547201106
111	0.006	0	0.0065421489998698235	0.995815140730602	4.213738374562088
111	0.006	0	0.006848586723208427	0.04861565797300628	0.12487063392940381
112	0.006	0	0.003456577891483903	1.2057793884036694	4.749858833531424
112	0.006	0	0.005165707785636187	0.042696592233097665	0.2159282463282595
113	0.006	0	0.003666624194011092	0.748995767131784	3.8040789266280024
114	0.006	0	0.005875188857316971	0.3027790497390576	0.877918989291094
115	0.006	0	0.006151963025331497	0.5852683992864984	2.284273014156556
115	0.006	0	0.004012859892100096	1.1803261324080043	4.485775046164205
116	0.006	0	0.005627730395644903	0.33542468947630477	1.315770514457274
116	0.006	0	0.0040579261258244514	0.14998219371674582	0.6277960098443355
116	0.006	0	0.004666185937821865	0.9874735774379368	3.5832954343285177
117	0.006	0	0.00556901004165411	0.1378609159065775	0.5290527419136442
118	0.006	0	0.005233806557953358	0.3482543303690307	1.4494450652967161
118	0.006	0	0.004405733197927475	0.26911636859815347	1.0728423364795983
119	0.006	0	0.007262674625962973	0.29274715349422503	1.2551927317722351
119	0.006	0	0.003896913956850767	0.2207336087765444	0.9354125787119567
120	0.006	0	0.004034718964248896	0.2545968500423016	0.9855491192199898
120	0.006	0	0.005756231024861336	0.10660084774220457	0.35038705712204965
121	0.006	0	0.0031271912157535553	0.32058676398786434	1.1707806974166333
123	0.006	0	0.005063644610345364	0.21957953410513542	0.7971077293037481
123	0.006	0	0.006431187968701124	0.5490810875795142	1.6536805853457957
123	0.006	0	0.005214747507125139	0.18843239505644402	0.7876390661321884
124	0.006	0	0.0066949063912034035	0.054089450795119676	0.3066138377215388
125	0.006	0	0.004881491418927908	0.1342119369480147	0.6345624694810539
126	0.006	0	0.0032653501257300377	0.31407724927770225	0.9333082882793561
127	0.006	0	0.005099744535982609	0.08083216120949305	0.18266146600493677
128	0.006	0	0.00382767035625875	0.4064345919195752	1.821897789601908
131	0.006	0	0.006379428785294294	0.5836859406915844	2.068671600028484
131	0.006	0	0.004281462170183659	0.07878365153114301	0.4091195128291874
132	0.006	0	0.005090336315333843	0.4019908099000401	1.495987509117172
133	0.006	0	0.005971597041934729	0.2738810048186333	1.155917705854291
134	0.006	0	0.0032006020192056894	0.1377909931306926	0.573220344581542
136	0.006	0	0.004546680022031069	0.24365128530779992	0.8677115279989407
137	0.006	0	0.005672114435583353	0.2395178359668099	0.8519423341187157
139	0.006	0	0.004432758782058954	0.2506647272714495	1.0027240808487785
140	0.006	0	0.005775026045739651	0.3226814507509684	1.3157406341666162
141	0.006	0	0.005433748010545969	0.7611804471989229	2.709434474284574
141	0.006	0	0.005167734809219837	0.14291722493298764	0.21996298631776334
142	0.006	0	0.0036879810504615307	0.5579693136082016	2.9967611696549104
143	0.006	0	0.005321467760950327	0.39810610318725265	1.7811824107075576
144	0.006	0	0.005049955099821091	0.5873156368078573	2.3298180828481736
144	0.006	0	0.00675212312489748	0.3217563091316136	1.2922523083689352
145	0.006	0	0.0047046891413629055	0.1521880594133771	0.5208714357409729
146	0.006	0	0.00598679156973958	0.27703118239930696	1.093914884651928
147	0.006	0	0.005180605687201023	0.26434557660462266	1.3155258251389788
148	0.006	0	0.004501987248659134	0.3937041777779432	1.8092147375420418
149	0.006	0	0.00500898202881217	0.38475279012964847	1.7176963298603996
150	0.006	0	0.005682224407792091	0.26356041285490067	1.4703292691059864
150	0.006	0	0.004604249726980925	0.2553532346875221	0.8890145980377534
151	0.006	0	0.005622484255582094	0.3341351853662149	1.8924929389616754
152	0.006	0	0.005161212291568518	0.5750929470344799	2.4146804428038533
152	0.006	0	0.006299049127846956	0.2733346584151253	0.6548985078726328
152	0.006	0	0.004472465720027685	0.07804461184299831	0.22195744479981397
153	0.006	0	0.004545736126601696	0.3392584855760048	1.1402205521185371
154	0.006	0	0.0065779234282672405	0.19546498788857658	1.2695052134133606
155	0.006	0	0.005841320380568504	0.36361734102053506	1.5300137122196347
155	0.006	0	0.006039271596819162	0.042698401773393874	0.16141386693240914
156	0.006	0	0.005775984842330217	0.5406171727832734	1.927160818469292
156	0.006	0	0.004852020647376776	0.5743755375683202	1.9365723815771367
157	0.006	0	0.004471776075661182	0.329935928943499	1.6890095201879913
157	0.006	0	0.006489716004580259	0.1483988921615825	0.5074090215360912
158	0.006	0	0.005908105988055468	0.28670297900349884	1.4519509285069274
158	0.006	0	0.005073267035186291	0.2919294267869002	0.9969790323630126
158	0.006	0	0.004316631704568863	0.3328205510179094	1.604256592966851
159	0.006	0	0.004810116719454527	0.509105880332493	2.107190957881112
159	0.006	0	0.006357809994369745	0.07490945230292938	0.21215283527172707
159	0.006	0	0.0048057870008051395	0.6644392153729829	2.529871035691097
160	0.006	0	0.005162206944078207	0.5661874619689126	1.8587436091288174
161	0.006	0	0.0079284543171525	0.2100912522795831	0.5684680273366476
161	0.006	0	0.005899100098758936	0.19356781569894507	0.7761694033588789
161	0.006	0	0.007394337560981512	0.2610839679997903	1.3018989161835226
162	0.006	0	0.0068708136677742004	0.13466344757938029	0.43605355256918993
162	0.006	0	0.01365842204540968	0.668326938429833	2.7882129663498247
163	0.006	0	0.005276128184050322	0.281959359100244	0.6779617159459367
163	0.006	0	0.00403836602345109	0.3032158245795894	0.8688202394485369
164	0.006	0	0.006014332175254822	0.18265682439160005	0.5099543034043797
164	0.006	0	0.004059433005750179	0.16113860074850667	0.6138151951950338
165	0.006	0	0.006204003002494574	1.2466090298087802	6.068136421670606
165	0.006	0	0.006128545850515366	0.2044356482204985	0.4040112525768025
166	0.006	0	0.004353642463684082	1.8502636920128375	8.026737252214964
166	0.006	0	0.005097938235849142	0.3987417404690335	1.2602166260209002
170	0.006	0	0.004257888067513704	0.26148959789837717	1.0340689252646067
170	0.006	0	0.0042168134823441505	0.3724902977019249	1.3158111751706654
170	0.006	0	0.006779679097235203	0.453538211408475	1.83032062897466
171	0.006	0	0.00444929301738739	0.7765313979120576	2.5051650803429544
173	0.006	0	0.006856175605207682	0.7468984626898846	2.845258373072944
174	0.006	0	0.006176686845719814	0.3114326631881542	1.067554651109356
174	0.006	0	0.004847477190196514	0.5450716676275712	1.9537263224175287
174	0.006	0	0.006449887529015541	0.3020572242948131	1.4093200034268616
176	0.006	0	0.00472992891445756	0.3457269908571535	1.3580473846087862
176	0.006	0	0.007601448334753513	0.5352071539217705	2.4372046852044695
177	0.006	0	0.004810350481420755	0.29347072013206016	1.2329859452122736
178	0.006	0	0.005657951347529888	0.27194939458858014	1.2234246089290317
178	0.006	0	0.004729390610009432	0.711529387958697	3.013371021993445
179	0.006	0	0.006377393379807472	0.17552826116565934	0.9907080128943159
179	0.006	0	0.004187718965113163	1.1332284980252656	4.324598967255706
179	0.006	0	0.006117392331361771	0.9736959559306462	3.93937724112631
180	0.006	0	0.0050287386402487755	0.2064419841685585	0.8028139822132458
180	0.006	0	0.005527649540454149	0.2127861043651475	0.875059542075743
180	0.006	0	0.004376523662358522	1.0360143562829418	4.174010780974925
182	0.006	0	0.00609442638233304	1.0160699390213388	2.372141423582555
183	0.006	0	0.004969495348632336	0.32383489397830145	1.0978353291609018
183	0.006	0	0.004522981587797403	0.47064919131035265	2.242053661110633
183	0.006	0	0.005805096589028835	0.13658608484362694	0.41966036566990056
184	0.006	0	0.005724108777940273	0.2114967256061604	0.9302718943350752
185	0.006	0	0.00479755038395524	0.141866207878022	0.8840513443906842
185	0.006	0	0.006819079164415598	0.27758383331462194	0.9505276954560221
187	0.006	0	0.003249255008995533	0.3138407839170609	1.0845923500864207
188	0.006	0	0.0038490535225719213	0.18803267237053414	0.5985107132938955
188	0.006	0	0.004709259606897831	0.0710246383337857	0.2947603071743621
189	0.006	0	0.005367704201489687	0.16152149047002112	0.3443114719377417
189	0.006	0	0.0036718370392918587	0.35243644214881586	1.6128888410902928
190	0.006	0	0.006246585864573717	0.09013521742243319	0.19210701921088286
190	0.006	0	0.004917015787214041	0.37653292999529386	1.523768394876441
191	0.006	0	0.005515150725841522	0.7575498944006962	1.9899707579840216
191	0.006	0	0.005266785621643066	0.12785791267158653	0.40968762446401075
192	0.006	0	0.007194832433015108	1.0427217270730134	5.0860215315463435
193	0.006	0	0.007092816289514303	1.2696080669849865	6.45072894743596
194	0.006	0	0.003852534107863903	1.6645035828582233	7.726721104928255
194	0.006	0	0.004388447385281324	0.1146967862538348	0.1927720012721957
195	0.006	0	0.004644426051527262	2.3343293904605287	9.533610603854585
197	0.006	0	0.004772398620843887	1.2750107903675763	4.274582260206099
198	0.006	0	0.007971084676682949	0.14623407752089282	0.5871837623941945
199	0.006	0	0.004561121575534344	0.1557098676731778	0.4531977020223149
199	0.006	0	0.004410159308463335	0.19537942267170488	0.7811322177544072
199	0.006	0	0.006223522126674652	0.18966442496779526	1.0666401191397343
200	0.006	0	0.006032445468008518	0.27783155090048417	1.1147281266812636
204	0.006	0	0.006026574410498142	0.2864580500851437	1.4651972105687845
204	0.006	0	0.006853510159999132	0.34708517075073947	0.652494070552454
207	0.006	0	0.005544004030525684	0.2578674359794747	0.8343452500234975
207	0.006	0	0.006036167498677969	0.20351920205596896	1.1234383685518965
208	0.006	0	0.006296330131590366	0.1098374246430431	0.39075560354431615
208	0.006	0	0.004442731384187937	0.5194260746756153	2.0291337740283923
209	0.006	0	0.005901765078306198	0.23297272047023437	0.6619134261528382
209	0.006	0	0.004071034491062164	0.14480951733424247	0.5603097035128846
210	0.006	0	0.006313037127256393	0.08427251198130714	0.227031659350424
211	0.006	0	0.006311170291155577	0.16031836817921127	0.6503861797272124
212	0.006	0	0.005155965220183134	0.20903298188658626	0.7829110055080161
213	0.006	0	0.0040690703317523	0.09723828783331684	0.19408782107561087
214	0.006	0	0.005428630392998457	0.08235762501148486	0.306284856497628
214	0.006	0	0.005930691491812468	0.28575542758398603	0.9498774425763025
215	0.006	0	0.006230679806321859	0.04917579681253278	0.24601267680207992
216	0.006	0	0.005993274040520191	0.13234588314640552	0.6379263219340997
216	0.006	0	0.004753096494823694	0.23919934435442836	1.0134839613362556
217	0.006	0	0.005115912761539221	0.145977475922782	0.61700751621367
217	0.006	0	0.003906667698174715	0.18256542202973688	0.8743663160450164
218	0.006	0	0.006911101285368204	0.06266213150415165	0.286345942721969
219	0.006	0	0.004219918046146631	0.06414414222092124	0.3145041112524993
219	0.006	0	0.006805828772485256	0.22917089929545542	1.2831412095731036
220	0.006	0	0.0073392512276768684	0.22072763875925328	0.9334958573167733
220	0.006	0	0.005624665413051844	0.606966517688941	2.911622375971424
221	0.006	0	0.0035147664602845907	0.11777110124861731	0.631824090174802
222	0.006	0	0.004068017937242985	0.08519568334325206	0.31392062988696023
223	0.006	0	0.003718805266544223	0.5073729496945321	1.8405644007266044
224	0.006	0	0.005375750362873077	0.33316876654268457	1.2949517617139787
224	0.006	0	0.005248684901744127	0.19123920177301823	0.5340261202588475
224	0.006	0	0.006045662332326174	0.5399067879995009	2.840034483176383
225	0.006	0	0.003535136114805937	0.8072952374176672	3.0478630254429513
226	0.006	0	0.006226571276783943	0.175171045038344	0.7085507370643817
227	0.006	0	0.0034087132662534714	0.25488144240916305	1.2749524417174154
228	0.006	0	0.004053643438965082	1.0246367672600458	4.549483566251366
229	0.006	0	0.005613234825432301	0.26355498222481594	0.682547080707571
229	0.006	0	0.006660608574748039	0.17659382101887877	0.6674978109355416
229	0.006	0	0.007456302177160978	1.2712291202105246	4.88057230801245
230	0.006	0	0.006123253609985113	0.8527226512750525	3.1809772273547967
231	0.006	0	0.005962785333395004	0.291082059509803	1.2457079246586327
231	0.006	0	0.004080885089933872	0.37680651663105025	1.1803858177511681
232	0.006	0	0.0035440861247479916	0.1255967277758599	0.22093377013263246
234	0.006	0	0.004157356917858124	0.2305035802164419	1.0644912339310137
234	0.006	0	0.005628672428429127	0.6961465230846999	2.2825336250561308
235	0.006	0	0.005594805348664522	0.7742698400663761	3.4657406118282834
236	0.006	0	0.0054864962585270405	0.7718623945907997	3.3035378819661103
237	0.006	0	0.00602329894900322	0.21090757275795555	0.8923484251178473
239	0.006	0	0.004882085602730513	0.1255071913762032	0.2599261143688716
239	0.006	0	0.00496247224509716	0.21471219930756474	0.9421085238562786
240	0.006	0	0.006026074290275574	0.11504296205893205	0.2676804453282919
240	0.006	0	0.005699838977307081	0.2140053058595416	0.5595093699223064
240	0.006	0	0.005394092295318842	0.2843040044194404	1.5464998464999788
241	0.006	0	0.006985030137002468	0.1567989690317404	0.39836170764486895
241	0.006	0	0.0033994484692811966	0.2547031472946092	1.2375669471536255
241	0.006	0	0.005727848038077354	0.65440846995841	3.2206594304742713
242	0.006	0	0.003644409356638789	0.125574326665788	0.7185423677090574
242	0.006	0	0.004829582292586565	0.9881290450764585	4.190809606450056
243	0.006	0	0.007477321196347475	0.6623370862490542	2.850826491173362
244	0.006	0	0.006011493504047394	0.5733953335713747	1.9557460430563058
245	0.006	0	0.005777635145932436	0.21165072553207662	0.5049912627245957
246	0.006	0	0.0056289369240403175	0.26547219418334883	1.005529973230023
247	0.006	0	0.006540287286043167	0.24333476042981014	1.0446745797981778
248	0.006	0	0.006798792630434036	0.5703218619064411	1.6560618320972877
248	0.006	0	0.007076318841427565	0.35689940228392747	0.7108597610746286
249	0.006	0	0.003423101967200637	0.21105462759874388	0.6233716033924371
251	0.006	0	0.006123519502580166	0.10920757605369834	0.43895675582188204
251	0.006	0	0.0055691697634756565	0.5142893364734132	2.624118204724695
252	0.006	0	0.006163172423839569	0.9033161026725929	3.750252123345709
253	0.006	0	0.0056126960553228855	0.9402748289300032	3.780140350839084
254	0.006	0	0.005200214218348265	0.34618402589384867	1.1467400574546218
254	0.006	0	0.00661858543753624	0.6761627202986408	2.2768422258939807
255	0.006	0	0.0026352743152529	0.17416788183741844	0.6102750188621059
257	0.006	0	0.005078458227217197	0.23227536940726645	1.0685629409810535
258	0.006	0	0.004462939687073231	0.04803556673992097	0.22353446128271498
261	0.006	0	0.0031211983878165483	0.3074366693130384	0.8311913009770777
261	0.006	0	0.00669199088588357	0.41534545553093527	1.6938556622061895
262	0.006	0	0.004034026525914669	0.5530902097883537	1.63052242499346
263	0.006	0	0.00429300544783473	0.3773374223408108	2.0195135438320437
263	0.006	0	0.0055030155926942825	0.2663972871145143	0.26385080659782306
264	0.006	0	0.004446213133633137	1.068816165687687	4.179829295561792
265	0.006	0	0.0047110263258218765	0.22518983396604278	0.5523424186926993
267	0.006	0	0.0067789144814014435	0.437329827304667	2.1356618760915276
267	0.006	0	0.006034083664417267	0.3813545351261045	1.1739475220552575
268	0.006	0	0.005674188025295734	0.9147912851326244	3.8398551757144963
268	0.006	0	0.007022368721663952	0.5771324049168408	1.9362587876753103
270	0.006	0	0.006006198935210705	0.10780880734141879	0.36577291316085536
271	0.006	0	0.004754825495183468	0.19802279413544616	0.4364265293933909
271	0.006	0	0.004830356687307358	0.23743913347756251	1.3030355395702957
272	0.006	0	0.006844245363026857	0.392404451924525	1.616347995931025
272	0.006	0	0.004599783103913069	0.7475113896936791	3.3103666462238186
273	0.006	0	0.0063771759159862995	0.7029610027906283	2.7359344209154757
273	0.006	0	0.006907619070261717	0.8015755627601852	3.073579490435477
274	0.006	0	0.005359018221497536	0.34012912249759414	1.1388121731479204
274	0.006	0	0.004668225534260273	0.19898843420384033	0.5314526622818408
275	0.006	0	0.004053845535963774	0.5021294382497024	1.47724949393487
276	0.006	0	0.004859123378992081	0.24536089450771503	0.8429952918958855
277	0.006	0	0.005187520291656256	0.3436297106416279	0.7932803533786004
278	0.006	0	0.005540053825825453	0.10116065016860976	0.3483969770509754
280	0.006	0	0.004327359143644571	0.5292148903539013	1.773087082421054
280	0.006	0	0.0040473416447639465	0.06507064664557366	0.17588884137456792
281	0.006	0	0.004423533566296101	0.5538172827534966	2.087698588123512
281	0.006	0	0.003996869549155235	0.05645926850736097	0.10412247892018954
282	0.006	0	0.0032794226426631212	0.07563335493992158	0.26321083552500696
284	0.006	0	0.004522223025560379	0.2874760229393815	1.4952356259679402
286	0.006	0	0.005304193589836359	0.36812174577420087	1.1811269228330674
286	0.006	0	0.001953371101990342	0.07298162280285879	0.3979530943281054
287	0.006	0	0.004026760812848806	0.2692140938887458	0.5479940277843945
287	0.006	0	0.005775853525847197	0.040533606935252764	0.2231918294258134
288	0.006	0	0.005017979070544243	0.29844565984605087	0.772237629963742
288	0.006	0	0.004900259897112846	0.14015862092748185	0.7677014529727918
289	0.006	0	0.005262590013444424	0.6292406031778409	2.0335493505914086
289	0.006	0	0.0040101283229887486	0.21255410894869112	1.070031609123689
290	0.006	0	0.004347443580627441	0.38905799468190316	1.6556835821142417
291	0.006	0	0.003290831344202161	0.31663100102242825	0.9638949463078886
291	0.006	0	0.006016110070049763	0.24223728140463407	0.985180988731639
292	0.006	0	0.006295646075159311	0.3904656934734697	1.4779242372712562
293	0.006	0	0.005780380219221115	0.3207336727395211	1.2640944210144525
294	0.006	0	0.0055169290862977505	0.11877228304411497	0.6432255223992304
294	0.006	0	0.0037535589653998613	1.084265133779508	3.7529483159938146
295	0.006	0	0.0037973509170114994	0.12332931372579668	0.5716569292912401
295	0.006	0	0.00697307288646698	0.7787282062562733	2.771705815073832
296	0.006	0	0.007711316924542189	0.5446834749302493	2.1527039325006894
296	0.006	0	0.004965196363627911	0.42518227173340456	1.7048915827034439
297	0.006	0	0.003180223284289241	0.21773725394547067	0.8046577206221345
300	0.006	0	0.006814262829720974	0.4705836414965789	1.832841102073292
300	0.006	0	0.006500231102108955	0.4865536522654092	1.9692304049592195
301	0.006	0	0.004606029950082302	0.6213122175691703	2.092454857368113
301	0.006	0	0.004316558130085468	0.19518882214342814	0.9206264048389533
303	0.006	0	0.004554229788482189	0.36921934054081446	0.8010090961916495
306	0.006	0	0.0058926246128976345	0.16061321277567012	0.494758873549865
306	0.006	0	0.004683145321905613	0.15500440557805567	0.6580586396181091
308	0.006	0	0.0033085905015468597	0.008198615885685132	0.01626125060144673
309	0.006	0	0.0035547632724046707	0.29236856295011027	0.8260838692650446
312	0.006	0	0.006690804846584797	0.7354183444162413	2.7142383144914897
315	0.006	0	0.005634638946503401	0.11220320392034845	0.42017951521410846
316	0.006	0	0.0060637337155640125	0.07188069622041404	0.27270033646166375
317	0.006	0	0.004653627518564463	0.07771428881289132	0.30164046834833275
318	0.006	0	0.004055664874613285	0.43243360217799554	1.2148285719282874
318	0.006	0	0.006584374234080315	0.11246950917661572	0.4371272985420532
319	0.006	0	0.005990724544972181	0.30804380747753335	1.1453593307372638
320	0.006	0	0.00598020339384675	0.3754570852681736	1.3057503407744961
320	0.006	0	0.0036678859032690525	0.1822151635617065	1.1274002487252124
321	0.006	0	0.0033489770721644163	0.3960426352209418	1.2520783999842933
322	0.006	0	0.0065118661150336266	0.1358199417088933	0.3526801437992689
323	0.006	0	0.005517799872905016	0.5033741500842305	1.6339686029880536
324	0.006	0	0.006741937715560198	0.09087557725773487	0.5430748013448339
324	0.006	0	0.005785737186670303	0.49462879473940063	2.4786398576712405
325	0.006	0	0.005220287013798952	0.18715726471076566	0.5273428216902434
326	0.006	0	0.004902635235339403	0.503325302174554	1.818874563777041
326	0.006	0	0.005073272157460451	0.055998124895343074	0.25579552756800045
330	0.006	0	0.002954434137791395	0.1238094382840745	0.38935836979990296
332	0.006	0	0.005848594941198826	0.11933579407284681	0.4518593578405718
333	0.006	0	0.002620762912556529	0.09645754424083741	0.3469321140679005
336	0.006	0	0.006829905789345503	0.3270553752909655	0.9437493242383669
336	0.006	0	0.004651948343962431	0.11003957929927437	0.17782004772161927
337	0.006	0	0.005467335227876902	0.16081138662267916	0.37397905511966284
338	0.006	0	0.004870591685175896	0.1342479224472905	0.27587580188600563
338	0.006	0	0.00684185279533267	0.4392193755127331	1.6997248276828198
339	0.006	0	0.0045571294613182545	0.2083319323848718	0.365065843154624
340	0.006	0	0.0067018866539001465	0.4129978266936532	1.0240760110208251
341	0.006	0	0.005955033004283905	0.14651556237520666	0.45620968833493775
342	0.006	0	0.004449047613888979	0.2083532514585538	0.6813479705275535
342	0.006	0	0.00579901784658432	0.12460955061868027	0.3485057774147986
343	0.006	0	0.004675610456615686	0.2721022058034406	1.1010562760712153
344	0.006	0	0.005487199407070875	0.4760101629085535	1.583605161332105
344	0.006	0	0.006750487722456455	0.0752172524114256	0.3000991564781925
345	0.006	0	0.0061914194375276566	0.3104479108309889	0.869989550923464
345	0.006	0	0.003976356703788042	0.13382546484391314	0.38370757424743485
346	0.006	0	0.004836317617446184	0.6789024566396775	2.7105396569400453
346	0.006	0	0.006076935678720474	0.1497765996471183	0.34562900367187643
347	0.006	0	0.004556283354759216	0.5255781373730476	2.6616774238064265
347	0.006	0	0.005081432871520519	0.12617510248112543	0.2355612509839249
348	0.006	0	0.005483541171997786	0.6429045419031619	3.146510082793454
349	0.006	0	0.007711170706897974	0.27751846713583084	1.1914565590429296
350	0.006	0	0.004458127077668905	0.3384152256789427	1.0752286146077947
351	0.006	0	0.004443961661309004	0.23713688141169545	0.9825911148108101
351	0.006	0	0.004780808929353952	0.20618571277565734	0.620320648623702
352	0.006	0	0.006117022596299648	0.11106577073395553	0.2890518528380359
353	0.006	0	0.004580216947942972	0.30451025149385247	0.8429247277468379
354	0.006	0	0.006800608243793249	0.38932754905233097	1.7497473071916605
354	0.006	0	0.004955315962433815	0.3181682728825209	1.1544473233851076
355	0.006	0	0.004901427775621414	0.4623523619355356	1.924592384839509
356	0.006	0	0.006100501865148544	0.40283400883169823	1.680464342901262
356	0.006	0	0.0052219778299331665	0.4331401239946525	1.363013776014613
357	0.006	0	0.004973240662366152	0.1184561996667919	0.17918344653767973
358	0.006	0	0.0029187980107963085	0.2975590220516494	0.8228087751343053
359	0.006	0	0.006537580396980047	0.2950121678027661	0.49602303653131197
359	0.006	0	0.006123305298388004	0.046565658929741786	0.30888285588771724
360	0.006	0	0.004520038608461618	0.431524542595319	1.4700760372651642
360	0.006	0	0.004847661592066288	0.19400781285898047	0.9908465176823971
361	0.006	0	0.0034718515817075968	0.6027786437038554	1.3687100200554716
361	0.006	0	0.007118515204638243	0.21228872665125062	1.0239009416196758
362	0.006	0	0.0054823243990540504	0.25450613740767425	0.49561015825726223
362	0.006	0	0.00523546664044261	0.14030132481324692	0.5744913944058262
365	0.006	0	0.005294408183544874	0.16627397083126055	0.6195860438802411
366	0.006	0	0.003889142768457532	0.5198229377786974	1.3412899229862552
367	0.006	0	0.007544095627963543	0.7602906719201903	2.435638888744922
367	0.006	0	0.00602834252640605	0.15096811082331452	0.6416856266180407
368	0.006	0	0.00615220982581377	0.5159796143859917	1.211411815400394
368	0.006	0	0.003995075356215239	0.14442515852508547	0.43144520609883397
371	0.006	0	0.004422360565513372	0.08514293950455226	0.25814755862057814
372	0.006	0	0.0030490155331790447	0.1859191760945115	0.6389875955356251
373	0.006	0	0.005017460323870182	0.08836824499314141	0.3159523020536876
374	0.006	0	0.006237096153199673	0.17031472112683785	0.7353513841488669
375	0.006	0	0.004515115171670914	0.08579745606843724	0.3227025320971386
378	0.006	0	0.0044419183395802975	0.07150682070783768	0.3086623491531098
379	0.006	0	0.00653365533798933	0.17743047620589764	0.629751141765196
380	0.006	0	0.0053444430232048035	0.1648841668741023	0.5314976972470653
381	0.006	0	0.0055416179820895195	0.0887704729954646	0.3774386764005298
384	0.006	0	0.005213793832808733	0.2081724458322745	0.5768858168729029
384	0.006	0	0.0037010181695222855	0.10898075910007107	0.20567028131789325
385	0.006	0	0.004896368831396103	0.38709291823750663	1.2917032867943126
385	0.006	0	0.005013231188058853	0.07028734293597105	0.21862386048706203
386	0.006	0	0.004501241259276867	0.2193643673227387	0.4463103780877866
386	0.006	0	0.005369143560528755	0.10361865990023829	0.2617116404405814
387	0.006	0	0.004706486593931913	0.49844063072263556	1.5529068029837727
388	0.006	0	0.00491221621632576	0.604869733815023	1.7567708049748374
388	0.006	0	0.006994533818215132	0.21127859428145837	0.6655513004568107
389	0.006	0	0.0037026882637292147	1.100149311097624	3.6901453221667775
389	0.006	0	0.007733559235930443	0.1829478709675084	0.41436632229455395
390	0.006	0	0.006625347770750523	0.24725749571755892	0.959154323910751
390	0.006	0	0.007391690742224455	0.08710186098934784	0.2183428210849655
391	0.006	0	0.005648257210850716	0.1360559556910682	0.5855367689118274
393	0.006	0	0.003960461355745792	0.328779387063365	0.5499496472074862
394	0.006	0	0.004737483337521553	0.3157793511710945	1.1144368212589777
397	0.006	0	0.006678049918264151	0.45443146381392	2.1893575229734195
398	0.006	0	0.005203150678426027	0.49220604491633424	2.122037570289374
399	0.006	0	0.005865404848009348	0.5920955046205636	2.452399210013418
401	0.006	0	0.006960839964449406	0.3164810533934239	1.158100533021471
402	0.006	0	0.0026613015215843916	0.1551689202715495	0.5191419756066781
403	0.006	0	0.005919603165239096	0.2177140995173603	0.8071138461540374
404	0.006	0	0.006041343789547682	0.2954672125213661	1.0015047224925455
407	0.006	0	0.005902592558413744	0.41796243434235897	1.3236882349898282
407	0.006	0	0.005160047672688961	0.3109839624872991	1.9348353500733282
408	0.006	0	0.006794358603656292	0.16412241813385237	0.5260303334951868
409	0.006	0	0.006426714826375246	0.15954254798794154	0.544976516103347
411	0.006	0	0.004203013144433498	0.37112150751226725	1.2799427140908721
412	0.006	0	0.0037091898266226053	0.6617395885151867	2.1446529526131406
413	0.006	0	0.0057753948494791985	0.40562920870352587	1.6215493241061698
415	0.006	0	0.004270195495337248	0.08980971319879309	0.5309338803812709
416	0.006	0	0.005382056348025799	0.44217735999081237	1.5084742080054736
416	0.006	0	0.0059668696485459805	0.11609610803927398	0.44933443761675834
420	0.006	0	0.0061951386742293835	0.3172608920438197	1.486423282335262
422	0.006	0	0.005407269578427076	0.3949983874436141	1.4249837037015738
423	0.006	0	0.004717373289167881	0.11020237282983006	0.7074150320958014
427	0.006	0	0.00448077917098999	0.4889775231321091	1.7425217324986237
428	0.006	0	0.005182947963476181	0.30868949026568704	0.8401679963112288
428	0.006	0	0.005159885156899691	0.33649122184916325	1.2659808089667652
429	0.006	0	0.005393805913627148	0.28659324253921153	1.2189236446190574
429	0.006	0	0.00483138719573617	0.19520750392229622	0.9859125752046445
430	0.006	0	0.005691345781087875	0.39685114109212105	1.7049357724192034
430	0.006	0	0.00473440159112215	0.2671714908618875	1.2277094442211693
432	0.006	0	0.0060807401314377785	0.641779910201082	2.063751134852438
433	0.006	0	0.0071253469213843346	0.0912926726306067	0.3873726501941072
434	0.006	0	0.00398677121847868	0.15657915099551337	0.45773187481198235
434	0.006	0	0.005753919016569853	0.26429112798866605	0.9695492257348431
438	0.006	0	0.005021343939006329	0.12101331285573085	0.45324598667125243
442	0.006	0	0.006140953861176968	0.113260955764511	0.4596482572959058
443	0.006	0	0.0027688289992511272	0.09094373693363218	0.42645250549149105
445	0.006	0	0.0033561126329004765	0.16002909922284367	0.4898039828768842
447	0.006	0	0.004286262206733227	0.13712808493201473	0.6416987770959406
447	0.006	0	0.0056415642611682415	0.1770540474247268	0.5956891585782994
448	0.006	0	0.003861859207972884	0.17017456143406315	0.5258339511702578
449	0.006	0	0.006693674251437187	0.3024194027414389	1.1537547794272893
449	0.006	0	0.0058244275860488415	0.04451747899165497	0.13234530590142943
450	0.006	0	0.006466322112828493	0.31082061838336666	1.1884341399521459
450	0.006	0	0.006410008762031794	0.3049199254046774	1.2205250179605291
451	0.006	0	0.005090697202831507	0.32474404188074824	1.1413450196622525
452	0.006	0	0.006550385616719723	0.2661460158661033	0.9391492119707735
452	0.006	0	0.005535092204809189	0.20272552854451445	0.6467455474764148
453	0.006	0	0.006020256318151951	0.3327573604331171	1.0647339216541634
453	0.006	0	0.004060203209519386	0.3039908836777547	1.0059005538445271
454	0.006	0	0.005714212078601122	0.14628272981512794	0.46162107130719415
455	0.006	0	0.004766466561704874	0.2310776534099984	0.8839216960181292
456	0.006	0	0.007809081580489874	0.20953433965183538	0.9218327274543187
459	0.006	0	0.00329079432412982	0.382565048487714	1.9904205726474251
460	0.006	0	0.0042581334710121155	0.49272378836638564	2.302206494491711
461	0.006	0	0.005432017147541046	0.53403438715942	2.393730935427385
462	0.006	0	0.0052452050149440765	0.2595810994628575	1.1198021583968074
463	0.006	0	0.005408367607742548	0.2703251945830421	1.0266779195212825
466	0.006	0	0.006404865998774767	0.1670540234761099	0.8215456076585642
467	0.006	0	0.007055292837321758	0.4973325772873186	2.032930371200625
469	0.006	0	0.0032893072348088026	0.6248515465157185	3.2801901418633816
470	0.006	0	0.005813871044665575	0.9156068892924714	4.029405081060754
471	0.006	0	0.005859651602804661	1.1600471712565732	4.453871754792275
472	0.006	0	0.005909844767302275	0.29439430207973855	0.9677709018705298
472	0.006	0	0.004814387299120426	0.5196684677512124	1.9056509919320062
473	0.006	0	0.005323382560163736	0.058270796686549185	0.20313486851562068
474	0.006	0	0.005764014087617397	0.335702275598399	1.3719996955432194
474	0.006	0	0.005161738488823175	0.16484379046787717	0.5247849300958648
475	0.006	0	0.007121526636183262	0.26444421388163475	1.1257357324368176
477	0.006	0	0.004617871716618538	0.6983083187355097	2.4854590701392594
477	0.006	0	0.004428955726325512	0.0583939559091453	0.24156529208649755
481	0.006	0	0.00567082641646266	0.3388251087910153	1.235573961199765
482	0.006	0	0.005031948443502188	0.25702386181981557	0.9971338321728345
482	0.006	0	0.005669113248586655	0.022263847906905276	0.0357740637811599
483	0.006	0	0.0053449636325240135	0.028333946378378945	0.11367179957259833
484	0.006	0	0.006413621827960014	0.1339762153814715	0.5704819453974569
485	0.006	0	0.0059662871062755585	0.04905570816388607	0.15157689560369952
486	0.006	0	0.003902450669556856	0.03896287707261586	0.2344175719713911
488	0.006	0	0.004524721764028072	0.512427291281441	1.800041312963835
489	0.006	0	0.003501318162307143	0.46003702294546756	1.5078333331682632
489	0.006	0	0.0032615698873996735	0.19907327642073352	0.8578417344277033
490	0.006	0	0.005029542837291956	0.22724052334658573	0.6707612181171854
492	0.006	0	0.003638648195192218	0.47360809818604904	1.0612441322870603
492	0.006	0	0.003805921645835042	0.13102909171589966	0.6780913370993875
493	0.006	0	0.006234432570636272	0.0715642663503945	0.29114162283263223
495	0.006	0	0.0033480008132755756	0.129465130028296	0.5571830158359008
496	0.006	0	0.005006228107959032	0.06539384078588993	0.3036626540737165
497	0.006	0	0.006483986973762512	0.0458040440640239	0.14687146769425782
498	0.006	0	0.00562320789322257	0.4166506234669346	2.0355928397138836
502	0.006	0	0.006067853886634111	0.1165231467499248	0.2295500574748879
506	0.006	0	0.006827640812844038	0.42728051191128796	1.4080375671602097
507	0.006	0	0.005107746459543705	0.5301831826642397	2.202005275424548
509	0.006	0	0.005680641625076532	0.09914400814139404	0.3305007185855072
511	0.006	0	0.007328120991587639	0.0220948164013319	0.044275332446558624
514	0.006	0	0.006127451546490192	0.2273462464451261	0.9169948224359594
515	0.006	0	0.0034366892650723457	0.3568435822678894	1.0322551508344364
519	0.006	0	0.005035842768847942	0.10099093799773876	0.3512225630372444
519	0.006	0	0.005021493881940842	0.22484706595125326	0.7087920329676102
520	0.006	0	0.004804517142474651	0.09138848673044585	0.25146875790966006
521	0.006	0	0.005375412758439779	0.20818973046813458	0.6379847329521658
522	0.006	0	0.004431889858096838	0.17567005402108626	0.7200369944147341
522	0.006	0	0.005571953486651182	0.06711644536614861	0.15852382675325757
523	0.006	0	0.005882683210074902	0.08529251739340106	0.22369582228212703
524	0.006	0	0.002419220982119441	0.18477810210912193	0.29742278880936107
525	0.006	0	0.004870733246207237	0.1358951730107895	0.3589505162205481
527	0.006	0	0.004139582626521587	0.16119242869045108	0.6038172066889483
532	0.006	0	0.006873386912047863	0.06337439228179331	0.34146393483788234
533	0.006	0	0.004541434347629547	0.17307157213984542	0.660452235408756
534	0.006	0	0.006402140483260155	0.1423469903575584	0.5307804146436543
537	0.006	0	0.0029754366260021925	0.09239190091374887	0.3456476124138927
544	0.006	0	0.004871957469731569	0.08850553562738638	0.36745090933360125
544	0.006	0	0.006206048186868429	0.02153755510692701	0.09035701008428411
545	0.006	0	0.006901320535689592	0.012485042368071728	0.06760005691136717
546	0.006	0	0.005346738733351231	0.16030923447778694	0.645276448491377
547	0.006	0	0.005270989611744881	0.10318927476214464	0.4315869090535711
548	0.006	0	0.004844927694648504	0.0953611953027662	0.4079635366721808
549	0.006	0	0.005489408504217863	0.08102825932399116	0.3408160551657578
551	0.006	0	0.0062135918997228146	0.46822259910752806	1.1738683169489201
552	0.006	0	0.004674856085330248	0.19472232220287386	0.8046654943488465
553	0.006	0	0.007241401821374893	0.23080904810600641	0.9128104592789206
554	0.006	0	0.003585191210731864	0.06357063956177592	0.05724517754070496
555	0.006	0	0.0062727537006139755	0.18696213402692582	0.6702836594666005
557	0.006	0	0.004636560101062059	0.23215865755383758	0.673598035495679
557	0.006	0	0.0065477099269628525	0.2625056809006865	1.043368401825056
558	0.006	0	0.005640783347189426	0.19127001603853644	0.41452016172786593
559	0.006	0	0.0038404783699661493	0.11931817121007578	0.24272609144025614
561	0.006	0	0.005556493066251278	0.7024734739663335	2.6599687830490955
562	0.006	0	0.005509742069989443	0.2351979000349841	0.5399332794699099
563	0.006	0	0.005256165750324726	0.04058195540404598	0.1578684748821136
564	0.006	0	0.005502771586179733	0.17784909446848493	0.5595324798328715
564	0.006	0	0.006377261597663164	0.20953919648226244	0.8513676066611937
565	0.006	0	0.005743125919252634	0.20321617814590573	0.8776210274878969
566	0.006	0	0.006416814401745796	0.04952089387480479	0.102803135309757
567	0.006	0	0.004438900388777256	0.15407481268793827	0.7100199598973503
568	0.006	0	0.0063752178102731705	0.16756397071509876	0.5909412361828115
570	0.006	0	0.005654577165842056	0.3658018254401631	0.824664210560543
570	0.006	0	0.006624177098274231	0.16299676023562898	0.7221435457138659
571	0.006	0	0.005688656587153673	0.13889871347714106	0.2865582511308546
571	0.006	0	0.003628999460488558	0.1843092191236732	0.8073838051521713
575	0.006	0	0.006811969913542271	0.4382772441832774	1.7257556549787563
576	0.006	0	0.004409909248352051	0.5457100405350547	1.5540150568457307
576	0.006	0	0.005353398155421019	0.7200536465367156	3.975409848799882
577	0.006	0	0.004116113297641277	0.37703266231679416	1.141654272934762
577	0.006	0	0.0058409287594258785	1.1048499610260545	4.875842274325102
578	0.006	0	0.005355910398066044	0.518458569354148	1.114426781116924
578	0.006	0	0.005930414889007807	1.3858252203784498	5.1950463506569395
579	0.006	0	0.003949205856770277	1.1490168390702231	3.654515363875287
580	0.006	0	0.006289758253842592	0.27825407425190946	0.7413994671569255
581	0.006	0	0.005620941054075956	0.3395351828858206	1.100355310330228
583	0.006	0	0.0061268312856554985	0.10530084269677786	0.5533805092612873
584	0.006	0	0.0038464167155325413	0.2234336050511576	0.8654023638416132
585	0.006	0	0.004624831490218639	0.1415661241584149	0.5225409141618386
586	0.006	0	0.004612594842910767	0.19593803588946654	0.7183085760469529
587	0.006	0	0.006713543087244034	0.05261193033304223	0.114285435626708
588	0.006	0	0.003845748258754611	0.13670915383941362	0.5567666843187324
590	0.006	0	0.005161938723176718	1.0208235310000584	5.1721740775795855
590	0.006	0	0.003085107309743762	0.13823069368393834	0.5337458191431259
591	0.006	0	0.005268001928925514	0.2560077067512216	1.0112003236802127
591	0.006	0	0.005744528956711292	0.06730705722854037	0.3139592286901071
593	0.006	0	0.004960671998560429	0.6879290162980427	2.490607470047546
597	0.006	0	0.005390274338424206	0.414219471285402	1.1396575065028882
600	0.006	0	0.005063966382294893	0.138612064747906	0.5125568920464727
601	0.006	0	0.005312343593686819	0.07047499754794337	0.3162577967833252
602	0.006	0	0.006130883004516363	0.05295729537862617	0.2388677314623987
603	0.006	0	0.004051613621413708	0.6578719036813713	2.4213002613963988
603	0.006	0	0.007468723226338625	0.09898490033040346	0.3323892192034233
604	0.006	0	0.0054740989580750465	0.06595132137406895	0.2813631993879672
605	0.006	0	0.006416485644876957	0.3248211391674454	1.1015552546275313
606	0.006	0	0.0042099920101463795	0.18668375940235302	0.6803649705676719
606	0.006	0	0.005617748014628887	0.035332654884540744	0.1137758706223704
607	0.006	0	0.0056668175384402275	0.07869181178239491	0.30087674971089695
608	0.006	0	0.006044729147106409	0.1151761440299343	0.4380885639476902
613	0.006	0	0.005455159116536379	0.8531084511561114	4.007349627582869
616	0.006	0	0.005488463211804628	0.09775896736783952	0.36823746460778334
617	0.006	0	0.004421653691679239	0.3132121401468254	0.5622797621314609
619	0.006	0	0.0036743327509611845	0.26802565254937466	0.7839066262357023
619	0.006	0	0.006215038243681192	0.07161508391128468	0.2993380844804066
620	0.006	0	0.0067465887404978275	0.16561495691385766	0.44467549509584986
626	0.006	0	0.005664100404828787	0.05739833822237049	0.16906280561718126
627	0.006	0	0.005747213959693909	0.5840051496890375	2.7524127536249914
629	0.006	0	0.005073918960988522	0.11836071820594471	0.43851093049796536
631	0.006	0	0.005746726877987385	0.15861358805005693	0.4619113046325442
632	0.006	0	0.0054112025536596775	0.0957102197803766	0.2935522323578116
635	0.006	0	0.003014044603332877	0.15716167249928045	0.46869804104516377
637	0.006	0	0.003229973604902625	0.5603928123509265	2.7184210631282566
638	0.006	0	0.006551970262080431	0.13431733885706038	0.5283619343224342
641	0.006	0	0.0025002355687320232	0.3748227034566207	1.693663603830221
641	0.006	0	0.005481752101331949	0.11675662550495304	0.34816895413324844
642	0.006	0	0.005015342030674219	0.34820147662144285	1.4400843643631855
643	0.006	0	0.003896957030519843	0.35242143618534183	1.234114415566651
644	0.006	0	0.004929386544972658	0.2361888767736898	0.8602409932532231
644	0.006	0	0.006459222640842199	0.03890220734969468	0.12752474948114842
645	0.006	0	0.004141661338508129	0.17046273101941734	0.6535566187189656
646	0.006	0	0.0031657943036407232	0.18325754981248238	0.7079945102022127
648	0.006	0	0.006545305717736483	0.23771873200933558	0.9138299474540957
649	0.006	0	0.005347270052880049	0.6378689184680214	1.8621903682956515
650	0.006	0	0.004438793286681175	0.19233001799361227	0.5172309594288462
650	0.006	0	0.0036362784449011087	0.09316157284787023	0.4269114837417303
651	0.006	0	0.005581911187618971	0.31840515417164983	0.7941875123448692
651	0.006	0	0.00637406948953867	0.039113230390067734	0.21079898460860255
652	0.006	0	0.004359298385679722	0.051774434976892124	0.21377541091321928
654	0.006	0	0.0059547340497374535	0.12827514024487147	0.4254615846654324
655	0.006	0	0.005092029459774494	0.17932176700100216	0.7175639874114326
656	0.006	0	0.0058228205889463425	0.04588059243844475	0.22291598197470472
657	0.006	0	0.006064101587980986	0.08192411025013378	0.3498749070167472
659	0.006	0	0.006103241350501776	0.030455968290496703	0.023027235898287285
661	0.006	0	0.005926991812884808	0.1566433347812483	0.5840024267794861
662	0.006	0	0.004750839434564114	0.4424716853808646	1.2743945605653504
663	0.006	0	0.007321819197386503	0.0790429794376573	0.20347818733939338
664	0.006	0	0.0039823963306844234	0.1081040435366178	0.7323400939681664
664	0.006	0	0.00604066951200366	0.2912894720669345	1.1517133660568148
668	0.006	0	0.0059103709645569324	0.4753880178904647	1.5927313509019356
668	0.006	0	0.0061493199318647385	0.03904272599460034	0.12385669822594221
672	0.006	0	0.006091026123613119	0.2013129921729783	1.0502459193584057
675	0.006	0	0.006607749965041876	0.11847565596179728	0.4324868618844034
676	0.006	0	0.005878397263586521	0.11355091660983241	0.4419944275885571
677	0.006	0	0.002099847188219428	0.09795329221434476	0.38484082409628306
678	0.006	0	0.0055766780860722065	0.062241744380111826	0.25063164848679537
679	0.006	0	0.007218180224299431	0.10230202029203138	0.43021448520422984
685	0.006	0	0.005189439747482538	0.45123414366633274	1.9578581085617992
685	0.006	0	0.0022092503495514393	0.08078341884984247	0.2731023510338753
686	0.006	0	0.0066092004999518394	0.3712614200045607	1.7141454306921606
686	0.006	0	0.003582825418561697	0.10595346983014406	0.38157151821314234
687	0.006	0	0.00259376410394907	0.480638508057011	2.0446249398323073
691	0.006	0	0.004627567250281572	0.07164516765298083	0.2398519504119008
693	0.006	0	0.00511497538536787	0.03007843549294446	0.1359619114454317
694	0.006	0	0.007649722043424845	0.03540145238717508	0.14011342217946754
695	0.006	0	0.0063628945499658585	0.02496546420285443	0.1303696981611024
698	0.006	0	0.004256104119122028	0.09986485083893819	0.44264272457948983
703	0.006	0	0.0026395535096526146	0.14716017148007957	0.6125225204618077
709	0.006	0	0.005537227261811495	0.15061242129160193	0.5970238749749724
710	0.006	0	0.003448223927989602	0.03887580143373489	0.13361180036643253
711	0.006	0	0.004081333987414837	0.12187042917516062	0.48341874320270845
712	0.006	0	0.00733985286206007	0.14639376873504517	0.5328222847724491
713	0.006	0	0.006429199129343033	0.14637165310834782	0.5222334753764155
714	0.006	0	0.006095187272876501	0.11861402646455559	0.49021179700115636
716	0.006	0	0.005696859676390886	0.1220842370186689	0.2860622098060052
717	0.006	0	0.006212031468749046	0.17856367141365184	0.7103309528928955
721	0.006	0	0.004353713244199753	0.8601896090742794	3.170035426013638
722	0.006	0	0.00461208913475275	0.22984354541074198	0.7436538577227061
725	0.006	0	0.003919323440641165	0.12140229384028037	0.457375867033858
732	0.006	0	0.005156607832759619	0.035810207148881015	0.15687265734166092
733	0.006	0	0.004509249236434698	0.05939947548501039	0.31276724696577035
734	0.006	0	0.004193038679659367	0.08242730859690825	0.2455109126707634
737	0.006	0	0.006369163282215595	0.013460322607396932	0.026241112195390697
742	0.006	0	0.005512567702680826	0.15852172354334154	0.8259482442551749
744	0.006	0	0.005777876824140549	0.29140089619083087	1.2794971078024573
749	0.006	0	0.003945589996874332	0.4927067276870738	3.035936673760289
750	0.006	0	0.005028901621699333	1.3864621051027743	5.949573119369826
752	0.006	0	0.004265536554157734	0.4371098917258442	1.9347125092015742
753	0.006	0	0.004702684469521046	0.5488363482171524	2.366343378198891
754	0.006	0	0.0055039674043655396	0.4438308738087781	1.9502549980027155
764	0.006	0	0.00609262241050601	0.5684325520524437	2.185719853628629
765	0.006	0	0.004504500422626734	0.499283385212395	1.6611355066190443
766	0.006	0	0.0052560921758413315	0.41042962963963314	1.0945258912943132
767	0.006	0	0.0066297329030931	0.1705207968576652	0.5238065964601648
779	0.006	0	0.004941088147461414	0.2448458471371253	0.8659704517022914
780	0.006	0	0.008417706936597824	0.24012891126294283	0.9836240429284747
782	0.006	0	0.005141953006386757	0.11418604989188824	0.4496700247359876
785	0.006	0	0.006725171115249395	0.33932893574337897	1.7380784858666176
786	0.006	0	0.005134533625096083	0.3452105056758552	1.87090570502605
788	0.006	0	0.006406232714653015	0.542419086069511	2.424882853404266
789	0.006	0	0.006482962053269148	0.1548199267082513	0.31356349155428476
790	0.006	0	0.004983230959624052	0.09909601862887328	0.43248755937772526
793	0.006	0	0.007294202223420143	0.2557922124484228	1.0203329702710533
794	0.006	0	0.004641967825591564	0.29310345656939746	0.6502525067026202
806	0.006	0	0.004371597897261381	0.5003510711499903	1.6700525691592099
807	0.006	0	0.011089875362813473	0.12400875657088724	0.6558698493712056
808	0.006	0	0.0049252016469836235	0.23721326564826306	0.9058470044389431
809	0.006	0	0.005894278641790152	0.042503861077080825	0.18097717263782967
810	0.006	0	0.0029033669270575047	0.13279091832835982	0.6179225237931311
811	0.006	0	0.004650841932743788	0.18173190980823545	0.7419345140674277
813	0.006	0	0.006364918779581785	0.2833740353359847	0.9804430849902529
814	0.006	0	0.006849187891930342	0.26292531519660833	0.7355534001332968
816	0.006	0	0.005681790877133608	0.24429693418370418	0.4169776104441303
817	0.006	0	0.0031227865256369114	0.25321122889292796	0.5251859546105715
818	0.006	0	0.00490045128390193	0.23427434587395726	0.6398724870663601
826	0.006	0	0.0076761627569794655	0.46406574244691934	2.126498246949435
828	0.006	0	0.006841643247753382	0.3355930699825507	1.517829335763745
829	0.006	0	0.00532250152900815	0.2861305321289972	1.2382329584209955
830	0.006	0	0.0038565059658139944	0.2248503287553733	0.8709440412876212
833	0.006	0	0.005134225357323885	0.45669610056942983	1.9741898083912586
834	0.006	0	0.003801795421168208	0.38669159227830674	1.4404488126721713
835	0.006	0	0.005118006840348244	0.26868466339265257	0.887983991680229
837	0.006	0	0.006375333294272423	0.47575422370412596	1.4785937424795799
838	0.006	0	0.0045003630220890045	0.38006065739583655	0.8877825547975825
840	0.006	0	0.004114476963877678	0.30912482931660046	1.149131751795103
841	0.006	0	0.005081934854388237	0.40110842767451615	1.0141353755578966
843	0.006	0	0.004364906810224056	0.40826027404689663	1.540338320164672
844	0.006	0	0.0029332723934203386	0.3840862467571137	1.2353889050376605
845	0.006	0	0.004927634261548519	0.32984903684052314	1.112223209517751
846	0.006	0	0.00382401910610497	0.3372368155387213	0.956629569962786
847	0.006	0	0.0077178338542580605	0.18674305017746917	0.8063027432316188
848	0.006	0	0.004132523667067289	0.2670755968187485	1.2311675128839603
850	0.006	0	0.006032924167811871	0.07402703936791107	0.20160609557878648
851	0.006	0	0.003805251093581319	0.07725993077359629	0.17015375587382187
853	0.006	0	0.005485172849148512	0.16763943434463233	0.8195876996348854
854	0.006	0	0.00576371606439352	0.24858697277122005	1.2221318641149386
857	0.006	0	0.00726268021389842	0.37990507814658575	1.518056886054027
858	0.006	0	0.00663994112983346	0.7579782391028149	2.730299311917383
859	0.006	0	0.004194637760519981	0.8152398826247175	3.0390580600701895
860	0.006	0	0.0047042518854141235	0.5579574289118072	2.151033909306919
861	0.006	0	0.005227832589298487	0.26926306506360803	1.531340421677037
864	0.006	0	0.005622694734483957	0.1863587233177657	0.46654237467559656
866	0.006	0	0.004999709781259298	0.16281296429069503	0.6172921948097344
867	0.006	0	0.004029016476124525	0.5446459879505955	2.2492303535492546
868	0.006	0	0.0068967221304774284	0.3993636106079462	1.9247627932536129
869	0.006	0	0.005243776366114616	0.39248529884787264	2.0547378637517832
870	0.006	0	0.004330779891461134	0.24505074454015568	1.1950367471890189
871	0.006	0	0.004349011927843094	0.4236132549330038	1.6409899749268377
874	0.006	0	0.005056338384747505	0.4492869262668498	1.9295779911315398
874	0.006	0	0.00652886601164937	0.1833078585676591	1.1023467114759098
875	0.006	0	0.005358464550226927	0.9022841692615622	2.1060277324764796
875	0.006	0	0.005664518103003502	0.3006029579567368	1.4547998960125688
876	0.006	0	0.005927675403654575	0.14356808647865324	0.35432060994064485
877	0.006	0	0.006115248426795006	0.525244566807049	1.4486884796281025
878	0.006	0	0.0032035475596785545	0.13337059029092238	0.6174920830374587
878	0.006	0	0.005726621951907873	0.2698393638668417	1.327768369963373
879	0.006	0	0.003530963556841016	0.4013313660571655	1.4991729107914182
879	0.006	0	0.006138091441243887	0.2788640884320057	1.2261758063577821
880	0.006	0	0.005190555937588215	0.17256590067821823	0.7710269294168336
880	0.006	0	0.0031878845766186714	0.38029673253459306	1.262805793405058
883	0.006	0	0.004984937142580748	0.328762324075717	1.4270211839860008
884	0.006	0	0.003933634143322706	0.13811758571838814	0.6367239939010427
884	0.006	0	0.01520349457859993	0.9423286823250673	3.4297153648393857
885	0.006	0	0.004892320372164249	0.7782683941951131	2.663598601450409
886	0.006	0	0.00515102269127965	0.777361372449183	3.068568726048125
889	0.006	0	0.006482111755758524	0.28221075722273853	1.1698493905776615
889	0.006	0	0.004512328188866377	0.2464769345881313	0.9223465565264726
891	0.006	0	0.005498865153640509	0.1736563419731051	0.4502463311290096
892	0.006	1	0.008483254350721836	0.5759600398244975	2.4397149101723024
893	0.006	0	0.004313552752137184	0.3890797179720078	1.19582203034001
893	0.006	0	0.002705280901864171	0.6718563800521861	2.5254980399120326
894	0.006	0	0.006622462533414364	0.9891977608894942	3.695428007138475
897	0.006	0	0.002738909563049674	0.2598256893860985	0.9741375947217135
899	0.006	0	0.005372318439185619	0.3073902164479975	1.1212295704106765
900	0.006	0	0.005494707264006138	0.1330356877852188	0.31123794759423257
905	0.006	0	0.00599059509113431	0.3866324481123393	1.03992924290959
905	0.006	0	0.005143485963344574	0.5932906661243867	2.3617921365884937
906	0.006	0	0.005829508416354656	0.14311671753799443	0.2983014962975095
912	0.006	0	0.006568960379809141	0.51160288525029	2.3649157828356
914	0.006	0	0.005764813628047705	0.4716530627509042	1.3576592118306736
917	0.006	0	0.005153595469892025	0.16782978505943646	0.7901828340403036
919	0.006	0	0.0026798155158758163	0.41784535085146957	1.271012350125
924	0.006	0	0.005123194307088852	0.27870620946652175	1.145974354527502
927	0.006	0	0.006276433821767569	0.22073614245703213	1.0046237590052587
939	0.006	0	0.004402024671435356	0.2186357030232396	0.872407993050985
940	0.006	0	0.0040698423981666565	0.1928084355877363	0.7115719688468594
941	0.006	0	0.0048986137844622135	0.13528469652489633	0.4057260740651732
946	0.006	0	0.0047584776766598225	0.19040742375764075	0.6491236878259102
947	0.006	0	0.005175022408366203	0.13162278327129373	0.43621535499641834
948	0.006	0	0.004929171409457922	0.06422288399799274	0.23916140260651497
955	0.006	0	0.005494141485542059	0.15423627999380804	0.6747293975820735
958	0.006	0	0.003357095643877983	0.12143692055786369	0.5303918738106086
959	0.006	0	0.0040921494364738464	0.1768343495871484	0.7034809742691043
960	0.006	0	0.006335817277431488	0.12439592948498815	0.35352900139879956
961	0.006	0	0.005309099797159433	0.16354332313484887	0.27103584584228063
967	0.006	0	0.007214226759970188	0.24235241507639058	0.9098530865817894
968	0.006	0	0.005115161184221506	0.227207624265861	0.5299530363811437
969	0.006	0	0.004890221171081066	0.3424904111126115	1.440308902379715
970	0.006	0	0.004655567463487387	0.9709200001321527	3.7022685132286366
971	0.006	0	0.00563050527125597	0.49642914391890247	2.134647174440716
977	0.006	0	0.0054787215776741505	0.3028375769905161	0.9203728053803217
977	0.006	0	0.005111865233629942	0.31943139998447956	0.9491758686648551
978	0.006	0	0.0044272178784012794	0.10060323396891514	0.48922059764844594
979	0.006	0	0.005036553367972374	0.087043430821174	0.4724117358332197
981	0.006	0	0.0032279284205287695	0.3388844975456915	1.3363716256420324
985	0.006	0	0.005045739468187094	0.21769310156652258	0.6285016447210047
986	0.006	0	0.0037208187859505415	0.32967218867417913	1.725803652343749
987	0.006	0	0.005408552009612322	0.7555385374878922	3.1342551492840793
989	0.006	0	0.006088853348046541	0.2936450698419038	1.1351067342742471
991	0.006	0	0.0030087053310126066	0.25098292631649277	0.7728941375446461
993	0.006	0	0.0038453286979347467	0.22987502441104093	0.893375324914222
993	0.006	0	0.006215812172740698	0.2324522139822564	0.6520412611826814
994	0.006	0	0.004932083655148745	0.4635912961101517	1.5985467545855545
994	0.006	0	0.00595735851675272	0.12406527522237183	0.6471388767973321
995	0.006	0	0.005146336741745472	0.22869505404055943	0.855108247416785
995	0.006	0	0.005255227908492088	0.15568841840864028	0.7296080027745914
996	0.006	0	0.004732625558972359	0.3561725485727517	1.3634285350168431
997	0.006	0	0.003541704034432769	0.3107766230024087	1.2475938034010738
998	0.006	0	0.004829653538763523	0.27904549396487444	1.276016170255862
1001	0.006	0	0.0044168708845973015	0.7467565138698955	2.676549694743873
1001	0.006	0	0.005659585818648338	0.18171178274554575	0.39117995718348203
1002	0.006	0	0.005989655386656523	0.28056003662162804	1.4798749292098043
1002	0.006	0	0.005460812710225582	0.1331401358889244	0.6161405481061673
1003	0.006	0	0.005442219320684671	0.32665390694307905	1.89086250859966
1003	0.006	0	0.004928819369524717	0.22828934132598797	0.9042579951116739
1005	0.006	0	0.004787450656294823	0.8894620088218366	3.7114656394233667
1008	0.006	0	0.00549375219270587	0.15238994394212393	0.573285312428446
1008	0.006	0	0.007765599526464939	0.26724928520174146	0.39465860815822396
1010	0.006	0	0.005825357511639595	0.6280308350237358	2.634456798665557
1011	0.006	0	0.004383050836622715	0.22771501527768057	1.5006514551427634
1012	0.006	0	0.004837175831198692	0.462851615250059	2.6184261993884053
1014	0.006	0	0.004941477440297604	1.035627230149905	4.313483110926838
1014	0.006	0	0.006764542311429977	0.09185131082043928	0.3246348304464795
1015	0.006	0	0.0038403398357331753	0.2000607095056771	0.5407852472723101
1016	0.006	0	0.003744094632565975	0.17237262771011416	0.5755263193465294
1017	0.006	0	0.007235550321638584	0.29295048083325015	1.1175762786887595
1019	0.006	0	0.005402463022619486	0.19743060414973534	0.3964329763442771
1020	0.006	0	0.0043649994768202305	0.21768153090812378	0.6323362022633683
1021	0.006	0	0.004807860124856234	0.3432134910146656	1.133109741059809
1022	0.006	0	0.0040618861094117165	0.09364544657113812	0.33234231956353627
1023	0.006	0	0.004374702926725149	0.444972355323671	1.3886199030235395
1023	0.006	0	0.004564283881336451	0.14791869808807315	0.6124740252893299
1024	0.006	0	0.005047209560871124	0.4461977874617976	1.305958964537453
1024	0.006	0	0.0057370527647435665	0.14382726259742776	0.6310971830360314
1025	0.006	0	0.005600642878562212	0.07165580230026294	0.33243279071430976
1026	0.006	0	0.004490364342927933	0.37168941897308727	1.4609402706444656
1026	0.006	0	0.0036959857679903507	0.12622923103798436	0.5332660873044103
1027	0.006	0	0.006670251954346895	0.25849066326716647	1.0715605132552326
1028	0.006	0	0.005054277367889881	0.6042052346922214	2.372205468764454
1029	0.006	0	0.005229552276432514	0.23422707910839252	0.8093778358255315
1030	0.006	0	0.007021317724138498	0.25467648103362533	0.9321142830736581
1032	0.006	0	0.003765657776966691	0.21432228996262043	0.6913515492923352
1033	0.006	0	0.00472544739022851	0.1113274460538504	0.4347580327029221
1033	0.006	0	0.005079662427306175	0.09336114840227093	0.45315662158008563
1034	0.006	0	0.0054773068986833096	0.7245013610862658	1.9221474645077976
1035	0.006	0	0.003955562599003315	0.1665095700709992	0.6419377292919728
1036	0.006	0	0.005604059435427189	0.368108987343183	0.9877097671422788
1037	0.006	0	0.006618040148168802	0.1933752150692246	0.3832616130903743
1038	0.006	0	0.003630082355812192	0.1805889538718511	0.6317223713932998
1040	0.006	0	0.0031530815176665783	0.20415792147454317	0.6174593833538451
1040	0.006	0	0.004929228685796261	0.1451681112020487	0.569271161066584
1041	0.006	0	0.005106435623019934	0.33112633403455993	1.0644744393235481
1042	0.006	0	0.006122082471847534	0.319812199414394	0.9882364767829213
1043	0.006	0	0.004127018619328737	0.4303865342133703	1.1632015460215823
1045	0.006	0	0.004425613209605217	0.08719795922701755	0.37528788073798786
1046	0.006	0	0.004425983410328627	0.12398166356556818	0.4745774089167936
1047	0.006	0	0.0054502543061971664	0.09272207943034874	0.150147026131936
1048	0.006	0	0.0021704400423914194	0.13624780822114535	0.5642130456832338
1050	0.006	0	0.007861257530748844	0.0949017623968494	0.310750657247912
1051	0.006	0	0.0037951497361063957	0.1108780163059567	0.19112746547316734
1052	0.006	0	0.0036218655295670033	0.14602960233836168	0.401782671914472
1055	0.006	0	0.006302393041551113	0.27835153817322267	1.2515462258517016
1055	0.006	0	0.00457447674125433	0.1647294166646269	0.6526103322589596
1056	0.006	0	0.0033850125037133694	0.40330335889971025	1.2689393136470721
1056	0.006	0	0.005764094181358814	0.06087233870393371	0.3271471875758617
1057	0.006	0	0.0045760213397443295	0.13744827325627543	0.5954396186061505
1058	0.006	0	0.004410572815686464	0.43262332975650447	2.123572487178364
1058	0.006	0	0.004548130556941032	0.06625566559984605	0.26281692843229865
1061	0.006	0	0.005581596400588751	1.0378917728944925	4.145704520149502
1062	0.006	0	0.00209145643748343	0.37770529291004035	0.9235608722873161
1062	0.006	0	0.006343653425574303	0.16997395858612283	0.7269334972513901
1065	0.006	0	0.005056513473391533	0.5341306590324285	1.378296410216605
1068	0.006	0	0.00522925378754735	0.14605594985865955	0.6029420639595321
1069	0.006	0	0.006628517527133226	0.22418163781887132	0.9172076043797472
1070	0.006	0	0.0038736097048968077	0.12204758240375446	0.5966168251528015
1071	0.006	0	0.004902801942080259	0.08643220943576929	0.5230414199285774
1072	0.006	0	0.004830829333513975	0.17341349051032823	0.7920821535139181
1073	0.006	0	0.004261940252035856	0.2082738925273469	0.9573227622453235
1075	0.006	0	0.00509915454313159	0.27573232526644503	1.1604600278081088
1076	0.006	0	0.005053815431892872	0.20736947414519646	0.9576638562077802
1083	0.006	0	0.005337927956134081	0.11540592283317135	0.5153483648521472
1085	0.006	0	0.005236992612481117	0.094651948360236	0.22274049083072103
1086	0.006	0	0.005042398814111948	0.12045139144472428	0.38821142629162403
1088	0.006	0	0.006899494677782059	0.0288675542659235	0.09589502601967324
1089	0.006	0	0.00623070215806365	0.02292066437693374	0.07394453787638905
1091	0.006	0	0.005483758635818958	0.05445363982197145	0.1778759063501928
1093	0.006	0	0.005462048575282097	0.07749141646288014	0.3207231929311834
1094	0.006	0	0.0058700391091406345	0.22808858944117008	0.7705078406351777
1095	0.006	0	0.005465432070195675	0.2643762297278982	0.9393734006453839
1097	0.006	0	0.004537060856819153	0.11123328878985231	0.07988855755753502
1097	0.006	0	0.006524955853819847	0.05648928240403565	0.26264953259237456
1098	0.006	0	0.004401808604598045	0.574710071636965	2.0928553126597724
1099	0.006	0	0.005148577503859997	0.5785904555128546	2.0192868555854724
1099	0.006	0	0.002053172793239355	0.050164508772654715	0.18056729168895316
1100	0.006	0	0.004641969688236713	0.4446216299538734	1.552007359634682
1100	0.006	0	0.005939180962741375	0.016398797167227648	0.03365454402445252
1101	0.006	0	0.005683319643139839	0.009332216755611257	0.05543966302940163
1104	0.006	0	0.0048599038273096085	1.2671391972535972	4.725564595814147
1106	0.006	0	0.004451530519872904	0.37621596446398087	1.2334864528617024
1109	0.006	0	0.00654146634042263	0.2512071839374773	1.241312927702648
1111	0.006	0	0.007571656722575426	0.26706831549291976	1.270714303986223
1115	0.006	0	0.006788369733840227	0.2878099132729477	0.835657449595023
1116	0.006	0	0.006272678263485432	0.23577216230194123	0.864151884818912
1118	0.006	0	0.0028893498238176107	0.08305937999029894	0.41180503553922315
1119	0.006	0	0.006070577073842287	0.46503951856916564	1.8493731276899343
1120	0.006	0	0.006126878783106804	0.6316691764640994	2.14979692522413
1121	0.006	0	0.004142134450376034	0.39115983767925977	1.5926489713524143
1122	0.006	0	0.003781981533393264	0.5106580428205404	1.8842085130658837
1123	0.006	0	0.005309623666107655	0.3131310375585611	1.8351312063968934
1124	0.006	0	0.004805222153663635	0.4607541418119464	1.90278390252502
1126	0.006	0	0.00561795337125659	0.20653843654701745	0.9301318887274351
1127	0.006	0	0.005745787173509598	0.13695341665321942	0.23142883397394495
1129	0.006	0	0.005713804624974728	0.16631068795830387	0.20211147331304474
1130	0.006	0	0.005083187483251095	0.2559640539575924	0.8595270858000448
1131	0.006	0	0.005824702326208353	0.6009768976677494	1.7759113360156673
1132	0.006	0	0.005992631893604994	0.8875394308723565	2.3584550900506462
1132	0.006	0	0.003820200450718403	0.07354724562767145	0.12374870896344402
1133	0.006	0	0.005510321352630854	0.4445390166903474	1.4929420704092493
1134	0.006	0	0.006111302878707647	0.3584963802781674	0.9372336161506376
1134	0.006	0	0.005708173383027315	0.07233134350907165	0.2902667619828517
1135	0.006	0	0.005431316792964935	0.45527884382665623	1.5025474811307797
1136	0.006	0	0.005604411009699106	0.4666553977075888	1.481311099556921
1140	0.006	0	0.005674907937645912	0.05265027599188119	0.21318224531778468
1142	0.006	0	0.00645682355388999	0.09003380895412869	0.3491405498849335
1144	0.006	0	0.005640998482704163	0.35382611453849205	1.3107995047171577
1146	0.006	0	0.004037576261907816	0.17649485311793278	0.4003103104759687
1151	0.006	0	0.005029662977904081	0.3630236182956462	1.4156329296362367
1153	0.006	0	0.006564461626112461	0.13241061239568058	0.5492135231215953
1158	0.006	0	0.004408631939440966	0.37298781929914854	1.3376183249312286
1161	0.006	0	0.004710810724645853	0.3135117697509715	1.4763571709497583
1162	0.006	0	0.003615930210798979	0.3012678784300394	1.470779548536923
1165	0.006	0	0.006624619476497173	0.35801639939734703	1.4919565268880592
1168	0.006	0	0.00434642331674695	0.23250533992456704	1.0105315491999782
1169	0.006	0	0.006356275174766779	0.2908045048493314	1.1814372394913077
1173	0.006	0	0.006236630957573652	0.36333702801182577	1.125855478953736
1174	0.006	0	0.004618722014129162	0.23287655231598667	1.0548949994020673
1177	0.006	0	0.006976234260946512	0.23627715128759624	0.9829318884477637
1180	0.006	0	0.005005730781704187	0.12957045865495553	0.6927509621016649
1181	0.006	0	0.005063291639089584	0.20276055911642718	1.1230165381424513
1198	0.006	0	0.005975337699055672	0.14054572736197354	0.44781589523481724
1199	0.006	0	0.005632169544696808	0.2403834143657483	0.7257937162239642
1200	0.006	0	0.004763674922287464	0.11652719850800308	0.6899585814336484
1201	0.006	0	0.0066223773173987865	0.18759852406081426	1.1353812715707658
1207	0.006	0	0.004252106416970491	0.25365476891677285	0.9151378051469491
1208	0.006	0	0.004732377361506224	0.184059779832124	0.6351664819503051
1209	0.006	0	0.007011527195572853	0.07000527820572201	0.2269729212122871
1210	0.006	0	0.004690222442150116	0.12842556552216036	0.3751795189836026
1211	0.006	0	0.005106675438582897	0.0392233936128228	0.07789872310292617
1218	0.006	0	0.0031183420214802027	0.14438610890142328	0.7720047917468692
1223	0.006	0	0.007993554696440697	0.1710977931318947	0.7271485621525074
1225	0.006	0	0.0058830128982663155	0.40605318933220663	1.9695151515296314
1234	0.006	0	0.00454855989664793	0.1372820200944502	0.4228553827778666
1235	0.006	0	0.005593352019786835	0.09537073221212691	0.36714911356822666
1236	0.006	0	0.005820218939334154	0.14400304351567836	0.634796502625445
1237	0.006	0	0.005157393403351307	0.3411039889391821	1.6708190096079036
1242	0.006	0	0.005294200032949448	0.30102226419075906	0.9786972498369481
1247	0.006	0	0.006115197204053402	0.26534556431985107	1.5511416055347738
1253	0.006	0	0.004967697896063328	0.39960997732257586	1.360518555878333
1264	0.006	0	0.005090740509331226	0.4523122393387487	1.8473642102279575
1265	0.006	0	0.004708939231932163	0.3622737695078702	1.5464548124491786
1266	0.006	0	0.00458971643820405	0.3207997723476612	1.0087720184435047
1267	0.006	0	0.0025227644946426153	0.4108390792299026	1.0204379148520935
1268	0.006	0	0.004548541270196438	0.18539879375359525	0.711922073592165
1269	0.006	0	0.0038978171069175005	0.45352525770653596	1.9801615570405113
1270	0.006	0	0.004606008995324373	0.6513390701126202	2.5558012033344886
1271	0.006	0	0.005710621830075979	0.172404581078084	0.8779132796386269
1272	0.006	0	0.0035407915711402893	0.30385910243518716	1.4252249251133164
1286	0.006	0	0.004192035645246506	0.7786378315898678	3.385208972691966
1294	0.006	0	0.004348547197878361	0.16412749303357962	0.8893120365702786
1307	0.006	0	0.005135293118655682	0.21706438979926665	0.7349705751352069
1313	0.006	0	0.00585213815793395	0.4388446265497752	1.294596544788937
1316	0.006	0	0.005304562859237194	0.3561544156251883	1.405572503391473
1318	0.006	0	0.007543578278273344	0.24489093212954588	0.9198757710798768
1337	0.006	0	0.003390665864571929	0.19832411285948645	0.4008512216051765
1338	0.006	0	0.0037128611002117395	0.20628035221434496	0.9991080272976989
1340	0.006	0	0.005950303748250008	0.8841203838670554	3.21160785319619
1350	0.006	0	0.0056803105399012566	0.25849475079499584	0.9967158421597747
1351	0.006	0	0.006155722308903933	0.0937657375837706	0.40535847333434694
1353	0.006	0	0.004801434930413961	0.20122054220223304	0.6566364723495344
1362	0.006	0	0.005227579269558191	0.20992134534970774	0.667230569747337
1367	0.006	0	0.004706313367933035	0.1356727057744526	0.42721192022930954
1375	0.006	0	0.00552013935521245	0.10650139941931279	0.33698738384590665
1376	0.006	0	0.0062471735291182995	0.10681868804176389	0.22343223021189812
1378	0.006	0	0.006823127157986164	0.17514976221203526	0.8884847897535983
1381	0.006	0	0.004962615668773651	0.18669517655659368	0.7945993889082055
1383	0.006	0	0.003863161662593484	0.48828680179828804	1.6346531734329808
1388	0.006	0	0.005377394612878561	0.278296173741637	1.2652323519713216
1389	0.006	0	0.0040654381737113	0.41881506904535776	1.6352575899500357
1390	0.006	0	0.00580560602247715	0.3029827628074151	1.2409623675223935
1391	0.006	0	0.006132727023214102	0.21097148823716186	0.8962259119831454
1393	0.006	0	0.004486825317144394	0.383974289140646	1.3330658463681482
1398	0.006	0	0.006723691709339619	0.140754956529168	0.7078420739345299
1399	0.006	0	0.005323592107743025	0.38339905542849995	1.5306622599376223
1400	0.006	0	0.004498361609876156	0.42609213421177167	1.706166790192757
1401	0.006	0	0.00484237726777792	0.5429978952679777	2.2770316750822315
1404	0.006	0	0.0034115922171622515	0.7951980966582162	3.356104504732484
1405	0.006	0	0.005527184344828129	0.4253835374618543	1.631028875867029
1411	0.006	0	0.006105493754148483	0.5594265937120204	2.3525385126644296
1412	0.006	0	0.005312255583703518	0.2626871886014065	1.1764099189736066
1413	0.006	0	0.005590885877609253	0.20896060016114876	1.0395924342506455
1414	0.006	0	0.005559469107538462	0.29887306509491485	1.1810745080476368
1417	0.006	0	0.00354665145277977	0.47788461225392614	1.6504838813286327
1418	0.006	0	0.004542241338640451	0.28694098520653044	1.0995764468190956
1419	0.006	0	0.0046249935403466225	0.2599160966691483	1.1699163483408674
1421	0.006	0	0.00529280724003911	0.362039181136539	1.5693019035350644
1422	0.006	0	0.0061219362542033195	0.11725523078176613	0.6007518422595556
1423	0.006	0	0.005490288604050875	0.2655731202763946	1.1145857891423554
1425	0.006	0	0.004895509220659733	0.30257469149329336	1.22153862588537
1433	0.006	0	0.006510945502668619	0.08098301965903551	0.1276263273430231
1445	0.006	0	0.003962648566812277	0.22032414152040983	0.557930607115642
1447	0.006	0	0.004044333938509226	0.23773778387520103	0.48341797297090283
1448	0.006	0	0.006900566630065441	0.27648471470473635	1.0718990940511768
1449	0.006	0	0.003249008674174547	0.4512439749585059	1.8960945296405507
1450	0.006	0	0.005779751110821962	0.5901645880029198	1.8526549591468768
1452	0.006	0	0.005838251672685146	0.20929919129227884	0.7880053488759734
1453	0.006	0	0.004682728089392185	0.15602556077381094	0.48429490475715486
1455	0.006	0	0.0033559000585228205	0.20837334788667278	0.8528418637870934
1456	0.006	0	0.005775910802185535	0.4197089713968441	1.532623145699237
1458	0.006	0	0.005914346314966679	0.16836278619020448	0.6142375420199391
1459	0.006	0	0.006180574651807547	0.3063560351628299	1.1098759317535627
1462	0.006	0	0.005893126595765352	0.48462206358664484	1.9325982022208386
1469	0.006	0	0.007180053740739822	0.4585560964171806	1.4009487848605777
1470	0.006	0	0.0065400865860283375	0.708497676558869	3.2019476907133506
1471	0.006	0	0.004200163763016462	0.34520320334952154	0.7699544691049812
1478	0.006	0	0.0051388731226325035	0.28206778239288244	1.0159641533852306
1479	0.006	0	0.005931052844971418	0.6382576366803938	2.458196005849938
1480	0.006	0	0.003033325308933854	0.5555993673157295	1.8858150302357863
1482	0.006	0	0.006711791735142469	0.17374343925291638	0.749677401437164
1486	0.006	0	0.004796369932591915	0.22391219667788798	0.5967317983745065
1487	0.006	0	0.005480229388922453	0.07359659889726164	0.5195482024146207
1488	0.006	0	0.006115084979683161	0.15175202427786935	1.0680122778161867
1489	0.006	0	0.006801597308367491	0.14184975097151134	0.2048220914778545
1490	0.006	0	0.005651029292494059	0.22763870264433703	0.7691868692640322
1492	0.006	0	0.006131549831479788	0.13133739079658943	0.5140619350379816
1496	0.006	0	0.0048401495441794395	0.23021953273479076	1.4960915125732173
1497	0.006	0	0.005984307266771793	0.3664323412521373	1.9422251702969124
1498	0.006	0	0.002315869089215994	0.6799617632474342	2.702770471149924
1505	0.006	0	0.006357264705002308	0.03205836965051483	0.01720745061405638
1506	0.006	0	0.005480020307004452	0.1359796635041331	0.5127424185539178
1508	0.006	0	0.005167718045413494	0.056093812981950784	0.23444779555816006
1509	0.006	0	0.006475381087511778	0.07604357866940183	0.3092343230137503
1510	0.006	0	0.004263302776962519	0.01462761547196943	0.06228571544877817
1514	0.006	0	0.00488188024610281	0.08972977392621113	0.33344519423963775
1516	0.006	0	0.005605715326964855	0.01633066466738956	0.03022580277827785
1519	0.006	0	0.004607642535120249	0.08905217873162542	0.39062577896790207
1520	0.006	0	0.007169608026742935	0.025714912303721277	0.04507585182492293
1521	0.006	0	0.005162303801625967	0.22112923649507463	0.7923302369388079
1526	0.006	0	0.005881155841052532	0.0542203150378176	0.16901908270826205
1528	0.006	0	0.006313062272965908	0.056978726198571854	0.22939650914371823
1531	0.006	0	0.005551553796976805	0.22113472114768276	0.8583693409104456
1532	0.006	0	0.004515974782407284	0.09419626351945261	0.5652259655039458
1533	0.006	0	0.006483879871666431	0.2612854014865113	1.0986468661857378
1535	0.006	0	0.007098432630300522	0.40238747707466355	1.378618879660581
1541	0.006	0	0.006494785659015179	0.14641581657831343	0.4326123518766194
1545	0.006	0	0.0025753879453986883	0.16064347914503846	0.3524388299104845
1546	0.006	0	0.005539052188396454	0.11514654140312507	0.6694131231417554
1547	0.006	0	0.005131945013999939	0.26353688951266646	1.0932389644727667
1548	0.006	0	0.004214804153889418	0.22754493089418515	0.8203921563416904
1554	0.006	0	0.006163065321743488	0.2282217898881772	1.0124299536934536
1555	0.006	0	0.005413046572357416	0.16055235782511434	0.8028003654603418
1562	0.006	0	0.005586276296526194	0.034469198647316616	0.06937660917064864
1563	0.006	0	0.0050023808144032955	0.10344091533907122	0.3184523822894944
1564	0.006	0	0.005856757517904043	0.10982685719844675	0.38310745766623056
1565	0.006	0	0.003488137386739254	0.20539197766631978	0.6720388784254439
1566	0.006	0	0.006140110082924366	0.31414776554293616	0.6557506655765074
1568	0.006	0	0.0048478757962584496	0.11276193583024201	0.16864706234145685
1569	0.006	0	0.003601607633754611	0.12696295756556758	0.7753176463162258
1570	0.006	0	0.00583632243797183	0.2035431158115156	0.9832285798386783
1571	0.006	0	0.005162196699529886	0.317466516000153	0.96934447639206
1572	0.006	0	0.0050417715683579445	0.23905232439869856	0.9793623181191374
1573	0.006	0	0.003621893236413598	0.5307959721728943	1.75788257740683
1576	0.006	0	0.005407717078924179	0.3136323560080531	0.9714969450681479
1581	0.006	0	0.00500157056376338	0.11992525776679162	0.42352822065062606
1587	0.006	0	0.005678986199200153	0.579358969316913	2.0704773148692106
1590	0.006	0	0.004885724280029535	0.20693915181964076	0.8373424844033612
1595	0.006	0	0.0055186934769153595	0.08576507297506313	0.3906090095463167
1606	0.006	0	0.006260738242417574	0.4945839883326151	1.875476362311984
1607	0.006	0	0.004168566316366196	0.2009985838067937	0.861726321707674
1608	0.006	0	0.005859019700437784	0.3313105516218898	1.666048608870613
1609	0.006	0	0.005299024749547243	0.4667579328269962	2.525813080987224
1610	0.006	0	0.004907072521746159	0.6717111037091829	3.2146128783724954
1611	0.006	0	0.003695102408528328	0.6650172348081174	3.2617925598794852
1612	0.006	0	0.006358018144965172	0.30904558459289927	1.5515562590577294
1613	0.006	0	0.005596486385911703	0.38125502918731774	1.493749418469392
1614	0.006	0	0.004117697011679411	0.3405468340444021	1.3475100934005313
1615	0.006	0	0.006207948550581932	0.44756606317669473	1.7815663002445794
1616	0.006	0	0.005428682081401348	0.47397163958639577	1.8451317583591587
1617	0.006	0	0.007328947074711323	0.5321310444773084	1.770857402731014
1619	0.006	0	0.006648638751357794	0.1711668315752227	0.5255027573122453
1620	0.006	0	0.004870585165917873	0.19391132539897696	0.4891369951112766
1621	0.006	0	0.005268217530101538	0.6068755624597064	2.62164632566209
1622	0.006	0	0.0064263842068612576	0.9825466167548501	3.428089266310967
1623	0.006	0	0.00532880611717701	0.4646275912696963	1.93152104075825
1625	0.006	0	0.0038241478614509106	0.17911512616435674	0.5904905860021378
1626	0.006	0	0.005343800410628319	0.1777687774232121	0.6094341234885894
1628	0.006	0	0.006030832417309284	0.3043098677330101	1.536988736895153
1629	0.006	0	0.00337681220844388	0.9296124277741158	3.6543736155400417
1630	0.006	0	0.006325088441371918	0.5475399552647388	2.2739737352980836
1633	0.006	0	0.0051485151052474976	0.24378500324652522	0.704280315645613
1637	0.006	0	0.005329302977770567	0.20461420363435467	1.090432606791713
1640	0.006	0	0.0041058859787881374	0.2645855467731642	0.9762943008911807
1641	0.006	0	0.0048758285120129585	0.2804875034482568	1.1046773184793672
1645	0.006	0	0.005940461065620184	0.26915640901463417	1.6600430680492415
1647	0.006	0	0.0048556397669017315	0.19641395893867492	1.0604294401839773
1650	0.006	0	0.006108297500759363	0.07072213538064034	0.3052272051569508
1651	0.006	0	0.005170910619199276	0.15777381791651127	0.6744777799155145
1655	0.006	0	0.0066792722791433334	0.29854059823613244	1.4327058954588898
1656	0.006	0	0.005713262129575014	0.18661028851487269	0.7638031882162155
1658	0.006	0	0.005901805590838194	0.12046985387283105	0.37588841130783773
1663	0.006	0	0.003343031043186784	0.7248025061107672	2.448329716063752
1664	0.006	0	0.006983654107898474	0.4476513684471679	1.5030367515638903
1665	0.006	0	0.004090073052793741	0.27735193596463037	1.0153743321078186
1673	0.006	0	0.005600256845355034	0.2897796137664908	0.9926965943489033
1678	0.006	0	0.0060656373389065266	0.6515908587621327	2.895160703305935
1681	0.006	0	0.00607462041079998	0.2712848898785188	1.2026159187055734
1682	0.006	0	0.006167035084217787	0.21140687561577615	0.9670178852170411
1689	0.006	0	0.004386711400002241	0.18826493384705428	0.925127216392627
1696	0.006	0	0.006128011271357536	0.17268594419935446	0.616217534745879
1699	0.006	0	0.006533201318234205	0.14626827455751495	0.5468064295466931
1700	0.006	0	0.006200570147484541	0.25432834833216367	0.9073058221310658
1705	0.006	0	0.0029174659866839647	0.16635197597311577	0.5833103287193366
1706	0.006	0	0.005743877496570349	0.20832318436944583	0.8361861746707356
1709	0.006	0	0.005050521809607744	0.14118194694764394	0.5856873127242833
1714	0.006	0	0.0059512583538889885	0.16443211733153093	0.7141802379705199
1719	0.006	0	0.004367767367511988	0.2804006143037617	1.0950889776346455
1729	0.006	0	0.0036572187673300505	0.1584249448043489	0.5076475406043996
1731	0.006	0	0.004051717929542065	0.19681949856784117	0.6960551484120686
1732	0.006	0	0.004302477464079857	0.0671035826345591	0.11982192199016103
1733	0.006	0	0.004163205623626709	0.08721072596323001	0.36991191701736303
1743	0.006	0	0.0023669633083045483	0.08239956714977248	0.2563714344872192
1744	0.006	0	0.003275369293987751	0.13075192550987674	0.39255205662529047
1751	0.006	0	0.005958070978522301	0.07772456728990461	0.3476137305300893
1752	0.006	0	0.004981011617928743	0.1741053078922463	0.5490720225338112
1760	0.006	0	0.0055783395655453205	0.0851968802414633	0.2501607386812205
1761	0.006	0	0.005219289567321539	0.14748978074424127	0.43400912116117485
1763	0.006	0	0.00388391874730587	0.24722996359342495	1.0739656297870461
1764	0.006	0	0.004123750142753124	0.3003783913794618	1.1541693483308484
1765	0.006	0	0.005185189191251993	0.11948238888203697	0.365459687800648
